Frequency [Hz]; Power [dBm]; Conditions;
2400000000;-30.489648818969727;
2400200000;-30.615215301513672;
2400400000;-30.542848587036133;
2400600000;-30.346765518188477;
2400800000;-30.345973968505859;
2401000000;-30.474225997924805;
2401200000;-30.408117294311523;
2401400000;-30.507694244384766;
2401600000;-30.039089202880859;
2401800000;-30.503313064575195;
2402000000;-30.368000030517578;
2402200000;-30.468591690063477;
2402400000;-30.436491012573242;
2402600000;-30.52338981628418;
2402800000;-30.426387786865234;
2403000000;-30.458784103393555;
2403200000;-30.278945922851563;
2403400000;-30.150707244873047;
2403600000;-30.009462356567383;
2403800000;-29.937305450439453;
2404000000;-29.704977035522461;
2404200000;-29.773931503295898;
2404400000;-29.551870346069336;
2404600000;-29.50218391418457;
2404800000;-29.366260528564453;
2405000000;-29.451066970825195;
2405200000;-29.449012756347656;
2405400000;-29.431905746459961;
2405600000;-29.359167098999023;
2405800000;-29.328643798828125;
2406000000;-29.397390365600586;
2406200000;-29.344295501708984;
2406400000;-29.5220947265625;
2406600000;-29.493244171142578;
2406800000;-29.500486373901367;
2407000000;-29.382560729980469;
2407200000;-29.531377792358398;
2407400000;-29.584831237792969;
2407600000;-29.47877311706543;
2407800000;-29.384620666503906;
2408000000;-29.529201507568359;
2408200000;-29.234283447265625;
2408400000;-29.187252044677734;
2408600000;-29.169906616210937;
2408800000;-28.982046127319336;
2409000000;-28.862691879272461;
2409200000;-28.555774688720703;
2409400000;-28.325250625610352;
2409600000;-28.255477905273438;
2409800000;-28.033430099487305;
2410000000;-27.839788436889648;
2410200000;-27.682182312011719;
2410400000;-27.581291198730469;
2410600000;-27.605657577514648;
2410800000;-27.762744903564453;
2411000000;-27.541576385498047;
2411200000;-27.463413238525391;
2411400000;-27.583200454711914;
2411600000;-27.226253509521484;
2411800000;-27.258148193359375;
2412000000;-27.134101867675781;
2412200000;-27.218685150146484;
2412400000;-27.097379684448242;
2412600000;-27.165916442871094;
2412800000;-27.110597610473633;
2413000000;-27.257846832275391;
2413200000;-27.094072341918945;
2413400000;-27.223066329956055;
2413600000;-27.196540832519531;
2413800000;-27.331405639648437;
2414000000;-27.460655212402344;
2414200000;-27.46470832824707;
2414400000;-27.688022613525391;
2414600000;-27.735250473022461;
2414800000;-27.783636093139648;
2415000000;-27.888877868652344;
2415200000;-27.907402038574219;
2415400000;-28.077825546264648;
2415600000;-28.143901824951172;
2415800000;-28.387123107910156;
2416000000;-28.38231086730957;
2416200000;-28.634891510009766;
2416400000;-28.799026489257813;
2416600000;-28.805093765258789;
2416800000;-28.912630081176758;
2417000000;-28.988197326660156;
2417200000;-29.166194915771484;
2417400000;-29.235031127929687;
2417600000;-29.434543609619141;
2417800000;-29.290077209472656;
2418000000;-29.362848281860352;
2418200000;-29.544805526733398;
2418400000;-29.501989364624023;
2418600000;-29.633264541625977;
2418800000;-29.531839370727539;
2419000000;-29.51048469543457;
2419200000;-29.453184127807617;
2419400000;-29.420280456542969;
2419600000;-29.369270324707031;
2419800000;-29.335142135620117;
2420000000;-29.307485580444336;
2420200000;-29.274818420410156;
2420400000;-29.076271057128906;
2420600000;-29.169771194458008;
2420800000;-29.183732986450195;
2421000000;-29.128416061401367;
2421200000;-29.135196685791016;
2421400000;-28.999988555908203;
2421600000;-28.986650466918945;
2421800000;-28.991060256958008;
2422000000;-28.879709243774414;
2422200000;-28.906698226928711;
2422400000;-28.809577941894531;
2422600000;-28.846254348754883;
2422800000;-28.721521377563477;
2423000000;-28.695381164550781;
2423200000;-28.714353561401367;
2423400000;-28.672401428222656;
2423600000;-28.746957778930664;
2423800000;-28.762310028076172;
2424000000;-28.766811370849609;
2424200000;-28.744216918945313;
2424400000;-28.718570709228516;
2424600000;-28.906402587890625;
2424800000;-28.884002685546875;
2425000000;-28.856983184814453;
2425200000;-29.059658050537109;
2425400000;-29.228443145751953;
2425600000;-29.526922225952148;
2425800000;-29.632966995239258;
2426000000;-29.646364212036133;
2426200000;-29.765705108642578;
2426400000;-29.832691192626953;
2426600000;-29.927425384521484;
2426800000;-30.147310256958008;
2427000000;-30.209619522094727;
2427200000;-29.591571807861328;
2427400000;-29.641805648803711;
2427600000;-29.816970825195312;
2427800000;-29.592763900756836;
2428000000;-29.734914779663086;
2428200000;-29.761247634887695;
2428400000;-29.867053985595703;
2428600000;-30.026096343994141;
2428800000;-30.165475845336914;
2429000000;-30.173389434814453;
2429200000;-30.419057846069336;
2429400000;-30.296928405761719;
2429600000;-30.304649353027344;
2429800000;-30.198379516601563;
2430000000;-30.385408401489258;
2430200000;-30.214967727661133;
2430400000;-30.087970733642578;
2430600000;-29.968437194824219;
2430800000;-29.925457000732422;
2431000000;-29.801544189453125;
2431200000;-29.75311279296875;
2431400000;-29.676410675048828;
2431600000;-29.652772903442383;
2431800000;-29.621658325195312;
2432000000;-29.608556747436523;
2432200000;-29.589332580566406;
2432400000;-29.497177124023438;
2432600000;-29.607139587402344;
2432800000;-29.548992156982422;
2433000000;-29.493001937866211;
2433200000;-29.540557861328125;
2433400000;-29.568202972412109;
2433600000;-29.569887161254883;
2433800000;-29.87480354309082;
2434000000;-29.838340759277344;
2434200000;-29.694992065429687;
2434400000;-30.106880187988281;
2434600000;-30.050189971923828;
2434800000;-30.119548797607422;
2435000000;-30.138679504394531;
2435200000;-30.332246780395508;
2435400000;-30.408149719238281;
2435600000;-30.449920654296875;
2435800000;-30.482376098632813;
2436000000;-30.337421417236328;
2436200000;-30.338628768920898;
2436400000;-30.343202590942383;
2436600000;-30.293994903564453;
2436800000;-30.040653228759766;
2437000000;-30.030385971069336;
2437200000;-29.976425170898437;
2437400000;-29.914205551147461;
2437600000;-30.095823287963867;
2437800000;-29.911048889160156;
2438000000;-29.941640853881836;
2438200000;-29.735570907592773;
2438400000;-29.885934829711914;
2438600000;-29.86671257019043;
2438800000;-30.007823944091797;
2439000000;-30.027061462402344;
2439200000;-30.140947341918945;
2439400000;-30.0975341796875;
2439600000;-30.070205688476563;
2439800000;-30.117057800292969;
2440000000;-30.085092544555664;
2440200000;-29.954578399658203;
2440400000;-30.334602355957031;
2440600000;-30.255146026611328;
2440800000;-30.225055694580078;
2441000000;-30.582088470458984;
2441200000;-30.663156509399414;
2441400000;-30.887588500976563;
2441600000;-30.960639953613281;
2441800000;-31.034957885742187;
2442000000;-30.868526458740234;
2442200000;-31.3648681640625;
2442400000;-31.569149017333984;
2442600000;-31.479467391967773;
2442800000;-31.716697692871094;
2443000000;-31.835874557495117;
2443200000;-31.86003303527832;
2443400000;-32.013481140136719;
2443600000;-31.807680130004883;
2443800000;-31.877435684204102;
2444000000;-31.795206069946289;
2444200000;-31.686925888061523;
2444400000;-31.59602165222168;
2444600000;-31.640741348266602;
2444800000;-31.520999908447266;
2445000000;-31.335910797119141;
2445200000;-31.458290100097656;
2445400000;-31.141796112060547;
2445600000;-31.072242736816406;
2445800000;-30.990085601806641;
2446000000;-31.065046310424805;
2446200000;-30.771749496459961;
2446400000;-30.917823791503906;
2446600000;-30.967676162719727;
2446800000;-30.764690399169922;
2447000000;-30.768770217895508;
2447200000;-30.901836395263672;
2447400000;-30.696821212768555;
2447600000;-30.831451416015625;
2447800000;-30.640731811523438;
2448000000;-30.712484359741211;
2448200000;-30.557828903198242;
2448400000;-30.515741348266602;
2448600000;-30.503091812133789;
2448800000;-30.396493911743164;
2449000000;-30.495370864868164;
2449200000;-30.504983901977539;
2449400000;-30.465879440307617;
2449600000;-30.546457290649414;
2449800000;-30.795804977416992;
2450000000;-30.705556869506836;
2450200000;-30.604623794555664;
2450400000;-30.767566680908203;
2450600000;-30.612058639526367;
2450800000;-30.847085952758789;
2451000000;-30.91880989074707;
2451200000;-30.802837371826172;
2451400000;-30.987194061279297;
2451600000;-30.837860107421875;
2451800000;-30.767267227172852;
2452000000;-30.902433395385742;
2452200000;-30.759323120117188;
2452400000;-30.970848083496094;
2452600000;-30.945024490356445;
2452800000;-31.144969940185547;
2453000000;-31.249538421630859;
2453200000;-31.322782516479492;
2453400000;-31.393569946289063;
2453600000;-31.177349090576172;
2453800000;-31.419469833374023;
2454000000;-31.445358276367188;
2454200000;-31.64555549621582;
2454400000;-31.631397247314453;
2454600000;-31.585559844970703;
2454800000;-31.563472747802734;
2455000000;-31.814071655273438;
2455200000;-31.540792465209961;
2455400000;-31.696775436401367;
2455600000;-31.690351486206055;
2455800000;-31.786426544189453;
2456000000;-31.631710052490234;
2456200000;-31.856975555419922;
2456400000;-31.805307388305664;
2456600000;-32.080009460449219;
2456800000;-32.124011993408203;
2457000000;-32.101730346679687;
2457200000;-32.283737182617187;
2457400000;-32.249580383300781;
2457600000;-32.365898132324219;
2457800000;-32.45745849609375;
2458000000;-32.419975280761719;
2458200000;-32.664703369140625;
2458400000;-32.458740234375;
2458600000;-33.218730926513672;
2458800000;-32.350921630859375;
2459000000;-32.582992553710938;
2459200000;-32.289997100830078;
2459400000;-32.848014831542969;
2459600000;-32.608833312988281;
2459800000;-32.720558166503906;
2460000000;-32.974479675292969;
2460200000;-33.049934387207031;
2460400000;-32.946807861328125;
2460600000;-33.305763244628906;
2460800000;-33.211143493652344;
2461000000;-33.316268920898438;
2461200000;-33.352657318115234;
2461400000;-33.694427490234375;
2461600000;-33.560173034667969;
2461800000;-33.5606689453125;
2462000000;-33.658740997314453;
2462200000;-38.575782775878906;
2462400000;-38.819507598876953;
2462600000;-33.648189544677734;
2462800000;-33.605148315429687;
2463000000;-33.597610473632813;
2463200000;-33.551528930664063;
2463400000;-33.527778625488281;
2463600000;-33.202785491943359;
2463800000;-33.227180480957031;
2464000000;-33.047039031982422;
2464200000;-33.290725708007812;
2464400000;-33.170967102050781;
2464600000;-33.048873901367187;
2464800000;-33.381462097167969;
2465000000;-33.452682495117188;
2465200000;-33.537895202636719;
2465400000;-33.943603515625;
2465600000;-33.696559906005859;
2465800000;-34.057216644287109;
2466000000;-34.174034118652344;
2466200000;-34.335113525390625;
2466400000;-34.614356994628906;
2466600000;-34.834365844726563;
2466800000;-34.876117706298828;
2467000000;-34.878562927246094;
2467200000;-34.916297912597656;
2467400000;-34.931659698486328;
2467600000;-34.689884185791016;
2467800000;-34.423576354980469;
2468000000;-34.461784362792969;
2468200000;-34.031879425048828;
2468400000;-33.912944793701172;
2468600000;-33.697559356689453;
2468800000;-33.591381072998047;
2469000000;-33.32952880859375;
2469200000;-32.975879669189453;
2469400000;-32.979827880859375;
2469600000;-32.824859619140625;
2469800000;-32.759185791015625;
2470000000;-32.872337341308594;
2470200000;-32.633811950683594;
2470400000;-32.920143127441406;
2470600000;-32.806427001953125;
2470800000;-32.796947479248047;
2471000000;-32.765605926513672;
2471200000;-32.876167297363281;
2471400000;-33.022048950195313;
2471600000;-33.024864196777344;
2471800000;-33.1929931640625;
2472000000;-32.986892700195312;
2472200000;-32.904106140136719;
2472400000;-33.367172241210937;
2472600000;-33.120552062988281;
2472800000;-33.136440277099609;
2473000000;-33.049064636230469;
2473200000;-32.976089477539063;
2473400000;-33.099899291992187;
2473600000;-33.124042510986328;
2473800000;-32.973003387451172;
2474000000;-33.05841064453125;
2474200000;-33.268592834472656;
2474400000;-33.0078125;
2474600000;-32.970455169677734;
2474800000;-32.897346496582031;
2475000000;-32.531593322753906;
2475200000;-32.561264038085937;
2475400000;-32.622127532958984;
2475600000;-32.641555786132812;
2475800000;-32.332901000976562;
2476000000;-32.559043884277344;
2476200000;-32.271697998046875;
2476400000;-32.310874938964844;
2476600000;-32.183738708496094;
2476800000;-32.196022033691406;
2477000000;-32.465667724609375;
2477200000;-32.084030151367188;
2477400000;-32.258403778076172;
2477600000;-31.964944839477539;
2477800000;-32.206932067871094;
2478000000;-32.283992767333984;
2478200000;-32.404594421386719;
2478400000;-32.235378265380859;
2478600000;-32.264930725097656;
2478800000;-32.155532836914063;
2479000000;-32.154953002929687;
2479200000;-32.223293304443359;
2479400000;-32.350502014160156;
2479600000;-32.50701904296875;
2479800000;-32.366981506347656;
2480000000;-32.361644744873047;
2480200000;-32.496665954589844;
2480400000;-32.615749359130859;
2480600000;-32.577644348144531;
2480800000;-32.7010498046875;
2481000000;-32.654342651367188;
2481200000;-32.842384338378906;
2481400000;-33.215583801269531;
2481600000;-32.788288116455078;
2481800000;-33.11334228515625;
2482000000;-33.225151062011719;
2482200000;-33.185005187988281;
2482400000;-33.234302520751953;
2482600000;-33.327323913574219;
2482800000;-33.362419128417969;
2483000000;-33.165290832519531;
2483200000;-33.521232604980469;
2483400000;-33.135528564453125;
2483600000;-33.418899536132812;
2483800000;-33.350078582763672;
2484000000;-33.528373718261719;
2484200000;-33.595939636230469;
2484400000;-33.648651123046875;
2484600000;-33.731613159179687;
2484800000;-34.248115539550781;
2485000000;-33.769775390625;
2485200000;-33.998023986816406;
2485400000;-34.241378784179688;
2485600000;-34.034446716308594;
2485800000;-33.891098022460938;
2486000000;-34.170516967773438;
2486200000;-34.077316284179687;
2486400000;-33.852275848388672;
2486600000;-33.945205688476563;
2486800000;-33.774246215820312;
2487000000;-33.699142456054687;
2487200000;-33.645401000976562;
2487400000;-33.542797088623047;
2487600000;-33.45269775390625;
2487800000;-33.7034912109375;
2488000000;-33.526645660400391;
2488200000;-33.496543884277344;
2488400000;-33.408409118652344;
2488600000;-33.403076171875;
2488800000;-33.376682281494141;
2489000000;-33.492740631103516;
2489200000;-33.375846862792969;
2489400000;-33.168209075927734;
2489600000;-33.13250732421875;
2489800000;-32.9261474609375;
2490000000;-33.18914794921875;
2490200000;-33.257354736328125;
2490400000;-33.597309112548828;
2490600000;-33.628921508789063;
2490800000;-33.531425476074219;
2491000000;-33.692283630371094;
2491200000;-33.825035095214844;
2491400000;-33.990867614746094;
2491600000;-33.922855377197266;
2491800000;-33.891273498535156;
2492000000;-33.877880096435547;
2492200000;-33.718437194824219;
2492400000;-33.858314514160156;
2492600000;-33.625816345214844;
2492800000;-33.579277038574219;
2493000000;-33.334327697753906;
2493200000;-32.987785339355469;
2493400000;-33.178836822509766;
2493600000;-33.259246826171875;
2493800000;-33.206268310546875;
2494000000;-33.421134948730469;
2494200000;-33.257118225097656;
2494400000;-33.251632690429687;
2494600000;-33.603214263916016;
2494800000;-33.656814575195313;
2495000000;-33.44830322265625;
2495200000;-33.330482482910156;
2495400000;-33.495140075683594;
2495600000;-33.560592651367188;
2495800000;-33.366828918457031;
2496000000;-33.517314910888672;
2496200000;-33.538597106933594;
2496400000;-33.670791625976563;
2496600000;-33.438209533691406;
2496800000;-33.718364715576172;
2497000000;-33.794158935546875;
2497200000;-33.653762817382813;
2497400000;-33.766395568847656;
2497600000;-33.885971069335938;
2497800000;-33.960365295410156;
2498000000;-34.043788909912109;
2498200000;-34.003684997558594;
2498400000;-34.223526000976562;
2498600000;-34.209323883056641;
2498800000;-34.30902099609375;
2499000000;-34.048168182373047;
2499200000;-34.134796142578125;
2499400000;-34.133171081542969;
2499600000;-34.154769897460938;
2499800000;-34.045234680175781;
2500000000;-34.061702728271484;
