Frequency [Hz]; Power [dBm];
2400000000;-28.024175643920898;
2400200000;-27.898040771484375;
2400400000;-28.006143569946289;
2400600000;-28.014848709106445;
2400800000;-27.857105255126953;
2401000000;-27.860101699829102;
2401200000;-27.867849349975586;
2401400000;-27.727230072021484;
2401600000;-27.806423187255859;
2401800000;-27.758169174194336;
2402000000;-27.696083068847656;
2402200000;-27.809358596801758;
2402400000;-27.928518295288086;
2402600000;-27.936014175415039;
2402800000;-28.113395690917969;
2403000000;-28.075231552124023;
2403200000;-28.128345489501953;
2403400000;-28.240917205810547;
2403600000;-27.864839553833008;
2403800000;-28.044948577880859;
2404000000;-27.941274642944336;
2404200000;-27.955194473266602;
2404400000;-27.770090103149414;
2404600000;-27.809865951538086;
2404800000;-27.601154327392578;
2405000000;-27.578802108764648;
2405200000;-27.530399322509766;
2405400000;-27.65565299987793;
2405600000;-27.582929611206055;
2405800000;-27.63140869140625;
2406000000;-27.609262466430664;
2406200000;-27.700271606445313;
2406400000;-27.769805908203125;
2406600000;-27.8004150390625;
2406800000;-27.932287216186523;
2407000000;-27.840442657470703;
2407200000;-27.958040237426758;
2407400000;-27.921199798583984;
2407600000;-27.914121627807617;
2407800000;-27.847866058349609;
2408000000;-27.928981781005859;
2408200000;-27.887447357177734;
2408400000;-27.824111938476563;
2408600000;-27.901248931884766;
2408800000;-27.673490524291992;
2409000000;-27.648233413696289;
2409200000;-27.568981170654297;
2409400000;-27.408201217651367;
2409600000;-27.293720245361328;
2409800000;-27.307504653930664;
2410000000;-27.150522232055664;
2410200000;-26.993526458740234;
2410400000;-27.079765319824219;
2410600000;-27.010705947875977;
2410800000;-26.940723419189453;
2411000000;-27.016414642333984;
2411200000;-27.016193389892578;
2411400000;-26.992483139038086;
2411600000;-27.115306854248047;
2411800000;-26.958892822265625;
2412000000;-27.105621337890625;
2412200000;-27.046173095703125;
2412400000;-27.115442276000977;
2412600000;-27.294181823730469;
2412800000;-27.154130935668945;
2413000000;-27.501415252685547;
2413200000;-27.454038619995117;
2413400000;-27.423563003540039;
2413600000;-27.671180725097656;
2413800000;-27.623317718505859;
2414000000;-27.754024505615234;
2414200000;-28.026784896850586;
2414400000;-28.008079528808594;
2414600000;-28.192647933959961;
2414800000;-28.063936233520508;
2415000000;-28.18084716796875;
2415200000;-28.384220123291016;
2415400000;-28.45262336730957;
2415600000;-28.561260223388672;
2415800000;-28.462055206298828;
2416000000;-28.568548202514648;
2416200000;-28.584941864013672;
2416400000;-28.579933166503906;
2416600000;-28.650136947631836;
2416800000;-28.556089401245117;
2417000000;-28.490486145019531;
2417200000;-28.639781951904297;
2417400000;-28.724113464355469;
2417600000;-28.988719940185547;
2417800000;-29.002685546875;
2418000000;-28.994115829467773;
2418200000;-29.090368270874023;
2418400000;-29.16547966003418;
2418600000;-29.323637008666992;
2418800000;-29.124021530151367;
2419000000;-29.131216049194336;
2419200000;-29.190423965454102;
2419400000;-29.105110168457031;
2419600000;-29.187564849853516;
2419800000;-29.161054611206055;
2420000000;-29.295621871948242;
2420200000;-29.291164398193359;
2420400000;-29.3809814453125;
2420600000;-29.755094528198242;
2420800000;-29.78929328918457;
2421000000;-29.839487075805664;
2421200000;-30.107013702392578;
2421400000;-30.150096893310547;
2421600000;-30.331296920776367;
2421800000;-30.210779190063477;
2422000000;-30.44139289855957;
2422200000;-30.562967300415039;
2422400000;-30.390533447265625;
2422600000;-30.300416946411133;
2422800000;-30.233327865600586;
2423000000;-30.260478973388672;
2423200000;-30.191003799438477;
2423400000;-30.113155364990234;
2423600000;-30.121274948120117;
2423800000;-30.228366851806641;
2424000000;-30.332637786865234;
2424200000;-30.329940795898438;
2424400000;-30.430904388427734;
2424600000;-30.5411376953125;
2424800000;-30.547588348388672;
2425000000;-30.86077880859375;
2425200000;-31.05096435546875;
2425400000;-30.889839172363281;
2425600000;-31.352231979370117;
2425800000;-31.360708236694336;
2426000000;-31.601564407348633;
2426200000;-31.660232543945313;
2426400000;-31.678310394287109;
2426600000;-32.027626037597656;
2426800000;-32.129302978515625;
2427000000;-32.313674926757813;
2427200000;-32.506217956542969;
2427400000;-32.818748474121094;
2427600000;-32.992855072021484;
2427800000;-32.985359191894531;
2428000000;-33.038932800292969;
2428200000;-33.115028381347656;
2428400000;-33.093772888183594;
2428600000;-33.168285369873047;
2428800000;-33.443038940429687;
2429000000;-33.546226501464844;
2429200000;-33.259590148925781;
2429400000;-33.297637939453125;
2429600000;-33.236091613769531;
2429800000;-33.408573150634766;
2430000000;-33.648918151855469;
2430200000;-33.788612365722656;
2430400000;-33.915748596191406;
2430600000;-34.386096954345703;
2430800000;-34.249649047851562;
2431000000;-35.199367523193359;
2431200000;-35.659660339355469;
2431400000;-36.038509368896484;
2431600000;-36.615531921386719;
2431800000;-36.582759857177734;
2432000000;-37.180915832519531;
2432200000;-37.097667694091797;
2432400000;-37.421066284179688;
2432600000;-37.555767059326172;
2432800000;-37.366432189941406;
2433000000;-37.670799255371094;
2433200000;-37.427623748779297;
2433400000;-37.134819030761719;
2433600000;-37.2711181640625;
2433800000;-37.329597473144531;
2434000000;-37.379039764404297;
2434200000;-36.796279907226563;
2434400000;-36.725391387939453;
2434600000;-36.148250579833984;
2434800000;-36.303459167480469;
2435000000;-35.640762329101563;
2435200000;-35.641357421875;
2435400000;-35.62158203125;
2435600000;-35.667259216308594;
2435800000;-35.450531005859375;
2436000000;-35.269214630126953;
2436200000;-35.475372314453125;
2436400000;-35.372947692871094;
2436600000;-35.486728668212891;
2436800000;-35.364589691162109;
2437000000;-35.680641174316406;
2437200000;-35.691505432128906;
2437400000;-35.714752197265625;
2437600000;-35.836654663085937;
2437800000;-35.730339050292969;
2438000000;-35.854072570800781;
2438200000;-35.701103210449219;
2438400000;-35.017822265625;
2438600000;-34.77032470703125;
2438800000;-34.75189208984375;
2439000000;-34.633613586425781;
2439200000;-34.254135131835938;
2439400000;-34.192573547363281;
2439600000;-33.877937316894531;
2439800000;-34.105499267578125;
2440000000;-33.850906372070313;
2440200000;-33.893199920654297;
2440400000;-33.952049255371094;
2440600000;-33.300395965576172;
2440800000;-33.223274230957031;
2441000000;-33.309230804443359;
2441200000;-32.939491271972656;
2441400000;-33.093460083007812;
2441600000;-32.754505157470703;
2441800000;-32.707263946533203;
2442000000;-32.715072631835938;
2442200000;-32.602336883544922;
2442400000;-32.46240234375;
2442600000;-32.46954345703125;
2442800000;-32.670440673828125;
2443000000;-32.518974304199219;
2443200000;-32.683853149414062;
2443400000;-32.815010070800781;
2443600000;-32.752540588378906;
2443800000;-32.741508483886719;
2444000000;-32.839973449707031;
2444200000;-32.681556701660156;
2444400000;-32.638069152832031;
2444600000;-32.662582397460938;
2444800000;-32.563514709472656;
2445000000;-32.340587615966797;
2445200000;-32.48345947265625;
2445400000;-32.445579528808594;
2445600000;-32.466648101806641;
2445800000;-32.005344390869141;
2446000000;-32.165321350097656;
2446200000;-31.969579696655273;
2446400000;-31.706745147705078;
2446600000;-31.512937545776367;
2446800000;-31.393154144287109;
2447000000;-31.313573837280273;
2447200000;-31.311740875244141;
2447400000;-31.187871932983398;
2447600000;-30.962039947509766;
2447800000;-31.281936645507813;
2448000000;-31.239404678344727;
2448200000;-31.44477653503418;
2448400000;-31.48607063293457;
2448600000;-31.681215286254883;
2448800000;-32.200401306152344;
2449000000;-32.448318481445313;
2449200000;-32.598747253417969;
2449400000;-32.930099487304687;
2449600000;-32.908355712890625;
2449800000;-32.929412841796875;
2450000000;-33.009040832519531;
2450200000;-33.196037292480469;
2450400000;-33.162696838378906;
2450600000;-33.007133483886719;
2450800000;-33.058219909667969;
2451000000;-33.104248046875;
2451200000;-32.955032348632812;
2451400000;-32.856094360351562;
2451600000;-33.037754058837891;
2451800000;-32.510787963867188;
2452000000;-32.592155456542969;
2452200000;-32.415863037109375;
2452400000;-32.231800079345703;
2452600000;-32.209884643554687;
2452800000;-31.916614532470703;
2453000000;-32.141567230224609;
2453200000;-31.965688705444336;
2453400000;-31.933753967285156;
2453600000;-31.746936798095703;
2453800000;-31.741704940795898;
2454000000;-31.535263061523438;
2454200000;-31.70549201965332;
2454400000;-31.739990234375;
2454600000;-31.888942718505859;
2454800000;-31.787174224853516;
2455000000;-31.753688812255859;
2455200000;-31.989118576049805;
2455400000;-31.758100509643555;
2455600000;-31.844236373901367;
2455800000;-31.557750701904297;
2456000000;-31.548137664794922;
2456200000;-31.307167053222656;
2456400000;-31.281564712524414;
2456600000;-31.290102005004883;
2456800000;-31.169036865234375;
2457000000;-31.140615463256836;
2457200000;-31.29670524597168;
2457400000;-31.313348770141602;
2457600000;-31.092824935913086;
2457800000;-31.17805290222168;
2458000000;-31.072719573974609;
2458200000;-31.135684967041016;
2458400000;-31.270936965942383;
2458600000;-31.053718566894531;
2458800000;-30.831659317016602;
2459000000;-30.762763977050781;
2459200000;-30.881599426269531;
2459400000;-30.591550827026367;
2459600000;-30.444509506225586;
2459800000;-30.408088684082031;
2460000000;-30.459295272827148;
2460200000;-30.263593673706055;
2460400000;-30.428548812866211;
2460600000;-30.45945930480957;
2460800000;-30.513402938842773;
2461000000;-30.761514663696289;
2461200000;-30.815387725830078;
2461400000;-30.713663101196289;
2461600000;-30.959016799926758;
2461800000;-30.844743728637695;
2462000000;-31.199169158935547;
2462200000;-30.198022842407227;
2462400000;-31.698013305664063;
2462600000;-30.411647796630859;
2462800000;-30.703901290893555;
2463000000;-30.533401489257813;
2463200000;-29.69944953918457;
2463400000;-30.211971282958984;
2463600000;-29.814731597900391;
2463800000;-29.74543571472168;
2464000000;-30.446311950683594;
2464200000;-30.179426193237305;
2464400000;-31.1326904296875;
2464600000;-31.047046661376953;
2464800000;-30.704065322875977;
2465000000;-30.35411262512207;
2465200000;-30.410367965698242;
2465400000;-29.117166519165039;
2465600000;-29.745616912841797;
2465800000;-28.140342712402344;
2466000000;-29.759088516235352;
2466200000;-27.982927322387695;
2466400000;-27.61041259765625;
2466600000;-31.049875259399414;
2466800000;-28.436347961425781;
2467000000;-31.90519905090332;
2467200000;-30.675275802612305;
2467400000;-30.314739227294922;
2467600000;-30.714855194091797;
2467800000;-31.027612686157227;
2468000000;-30.97686767578125;
2468200000;-31.068489074707031;
2468400000;-31.165622711181641;
2468600000;-31.335735321044922;
2468800000;-31.204978942871094;
2469000000;-31.47596549987793;
2469200000;-31.3343505859375;
2469400000;-31.15489387512207;
2469600000;-31.15760612487793;
2469800000;-31.104730606079102;
2470000000;-30.998941421508789;
2470200000;-31.068994522094727;
2470400000;-30.865667343139648;
2470600000;-30.687881469726563;
2470800000;-30.75543212890625;
2471000000;-30.691905975341797;
2471200000;-30.816726684570313;
2471400000;-30.867961883544922;
2471600000;-30.874504089355469;
2471800000;-30.931982040405273;
2472000000;-31.238033294677734;
2472200000;-31.39665412902832;
2472400000;-31.613784790039062;
2472600000;-31.674583435058594;
2472800000;-31.976688385009766;
2473000000;-32.042854309082031;
2473200000;-32.048515319824219;
2473400000;-32.088066101074219;
2473600000;-31.807323455810547;
2473800000;-31.72991943359375;
2474000000;-31.665449142456055;
2474200000;-31.589803695678711;
2474400000;-31.421571731567383;
2474600000;-31.585231781005859;
2474800000;-31.517963409423828;
2475000000;-31.554054260253906;
2475200000;-31.546825408935547;
2475400000;-31.777084350585938;
2475600000;-31.960683822631836;
2475800000;-32.159122467041016;
2476000000;-32.13958740234375;
2476200000;-32.24365234375;
2476400000;-32.15234375;
2476600000;-32.300384521484375;
2476800000;-32.178989410400391;
2477000000;-32.253501892089844;
2477200000;-32.029220581054687;
2477400000;-31.729175567626953;
2477600000;-31.764490127563477;
2477800000;-31.774503707885742;
2478000000;-31.619594573974609;
2478200000;-31.745878219604492;
2478400000;-31.839122772216797;
2478600000;-31.928062438964844;
2478800000;-32.446174621582031;
2479000000;-32.398826599121094;
2479200000;-32.533916473388672;
2479400000;-32.925956726074219;
2479600000;-32.822849273681641;
2479800000;-32.862098693847656;
2480000000;-32.648281097412109;
2480200000;-33.120643615722656;
2480400000;-32.952484130859375;
2480600000;-32.939502716064453;
2480800000;-33.005073547363281;
2481000000;-32.883407592773437;
2481200000;-32.994895935058594;
2481400000;-33.198684692382813;
2481600000;-33.256984710693359;
2481800000;-33.237583160400391;
2482000000;-33.433456420898437;
2482200000;-33.309722900390625;
2482400000;-33.462699890136719;
2482600000;-33.510566711425781;
2482800000;-33.374343872070313;
2483000000;-33.327400207519531;
2483200000;-33.364921569824219;
2483400000;-33.212547302246094;
2483600000;-33.221412658691406;
2483800000;-33.102939605712891;
2484000000;-32.954032897949219;
2484200000;-32.852043151855469;
2484400000;-32.654838562011719;
2484600000;-32.585227966308594;
2484800000;-32.772994995117188;
2485000000;-32.701751708984375;
2485200000;-32.571113586425781;
2485400000;-32.754219055175781;
2485600000;-32.70306396484375;
2485800000;-32.324150085449219;
2486000000;-32.315105438232422;
2486200000;-32.337074279785156;
2486400000;-32.067844390869141;
2486600000;-32.066329956054688;
2486800000;-31.972023010253906;
2487000000;-31.813074111938477;
2487200000;-31.656551361083984;
2487400000;-31.479885101318359;
2487600000;-31.35035514831543;
2487800000;-31.37129020690918;
2488000000;-31.223339080810547;
2488200000;-31.09376335144043;
2488400000;-30.991086959838867;
2488600000;-31.051454544067383;
2488800000;-30.996658325195312;
2489000000;-31.192909240722656;
2489200000;-31.135997772216797;
2489400000;-31.022781372070313;
2489600000;-31.112569808959961;
2489800000;-31.385030746459961;
2490000000;-31.589746475219727;
2490200000;-31.578346252441406;
2490400000;-31.634513854980469;
2490600000;-31.714942932128906;
2490800000;-31.811969757080078;
2491000000;-31.768129348754883;
2491200000;-31.789779663085938;
2491400000;-31.778528213500977;
2491600000;-31.891983032226563;
2491800000;-31.537824630737305;
2492000000;-31.621486663818359;
2492200000;-31.64872932434082;
2492400000;-31.447620391845703;
2492600000;-31.501001358032227;
2492800000;-31.429664611816406;
2493000000;-31.36668586730957;
2493200000;-31.327386856079102;
2493400000;-31.003322601318359;
2493600000;-30.868036270141602;
2493800000;-30.963411331176758;
2494000000;-30.760604858398438;
2494200000;-30.740083694458008;
2494400000;-30.628286361694336;
2494600000;-30.53216552734375;
2494800000;-30.51042366027832;
2495000000;-30.538171768188477;
2495200000;-30.557214736938477;
2495400000;-30.452438354492188;
2495600000;-30.456670761108398;
2495800000;-30.548215866088867;
2496000000;-30.378147125244141;
2496200000;-30.656810760498047;
2496400000;-30.673379898071289;
2496600000;-31.122270584106445;
2496800000;-31.172088623046875;
2497000000;-31.226903915405273;
2497200000;-31.369636535644531;
2497400000;-31.412528991699219;
2497600000;-31.719873428344727;
2497800000;-31.656002044677734;
2498000000;-31.961189270019531;
2498200000;-31.917716979980469;
2498400000;-31.9774169921875;
2498600000;-32.170581817626953;
2498800000;-32.166751861572266;
2499000000;-32.039203643798828;
2499200000;-32.274856567382813;
2499400000;-32.249000549316406;
2499600000;-32.356727600097656;
2499800000;-32.549999237060547;
2500000000;-32.680187225341797;
