Frequency [Hz]; Power [dBm];
2400000000;-41.243316650390625;
2400200000;-41.146358489990234;
2400400000;-41.277259826660156;
2400600000;-41.651748657226563;
2400800000;-41.940807342529297;
2401000000;-41.3428955078125;
2401200000;-42.165939331054688;
2401400000;-42.035259246826172;
2401600000;-42.125625610351563;
2401800000;-41.704826354980469;
2402000000;-42.515682220458984;
2402200000;-42.262016296386719;
2402400000;-42.366600036621094;
2402600000;-42.168083190917969;
2402800000;-42.166908264160156;
2403000000;-42.296424865722656;
2403200000;-42.275485992431641;
2403400000;-42.605201721191406;
2403600000;-42.273948669433594;
2403800000;-42.965946197509766;
2404000000;-41.920852661132813;
2404200000;-43.060829162597656;
2404400000;-42.781509399414063;
2404600000;-43.206443786621094;
2404800000;-43.890537261962891;
2405000000;-43.770828247070313;
2405200000;-43.214935302734375;
2405400000;-43.198081970214844;
2405600000;-43.400650024414063;
2405800000;-44.121406555175781;
2406000000;-43.89501953125;
2406200000;-43.597705841064453;
2406400000;-42.672618865966797;
2406600000;-42.205310821533203;
2406800000;-42.954307556152344;
2407000000;-42.765403747558594;
2407200000;-42.48370361328125;
2407400000;-42.169872283935547;
2407600000;-42.148872375488281;
2407800000;-41.845073699951172;
2408000000;-41.623939514160156;
2408200000;-41.860260009765625;
2408400000;-41.278648376464844;
2408600000;-40.672328948974609;
2408800000;-40.615013122558594;
2409000000;-40.409759521484375;
2409200000;-40.62677001953125;
2409400000;-40.14239501953125;
2409600000;-40.162784576416016;
2409800000;-40.674697875976562;
2410000000;-39.464012145996094;
2410200000;-40.0838623046875;
2410400000;-39.839656829833984;
2410600000;-40.113723754882813;
2410800000;-39.778629302978516;
2411000000;-39.238716125488281;
2411200000;-39.1451416015625;
2411400000;-39.117568969726563;
2411600000;-38.597953796386719;
2411800000;-38.521461486816406;
2412000000;-38.51800537109375;
2412200000;-38.070365905761719;
2412400000;-37.601982116699219;
2412600000;-38.064701080322266;
2412800000;-37.503669738769531;
2413000000;-37.748249053955078;
2413200000;-37.330711364746094;
2413400000;-37.015541076660156;
2413600000;-36.961803436279297;
2413800000;-36.556694030761719;
2414000000;-36.917110443115234;
2414200000;-36.810302734375;
2414400000;-36.525859832763672;
2414600000;-36.3553466796875;
2414800000;-36.633651733398437;
2415000000;-36.338478088378906;
2415200000;-36.590911865234375;
2415400000;-36.249977111816406;
2415600000;-36.010669708251953;
2415800000;-36.242954254150391;
2416000000;-36.2755126953125;
2416200000;-35.932788848876953;
2416400000;-36.132869720458984;
2416600000;-36.479393005371094;
2416800000;-36.158653259277344;
2417000000;-36.444583892822266;
2417200000;-36.456520080566406;
2417400000;-36.440532684326172;
2417600000;-36.354709625244141;
2417800000;-36.447860717773437;
2418000000;-36.176322937011719;
2418200000;-36.313369750976563;
2418400000;-35.963775634765625;
2418600000;-36.066390991210937;
2418800000;-35.904159545898438;
2419000000;-35.999267578125;
2419200000;-35.920700073242188;
2419400000;-35.984756469726562;
2419600000;-36.19580078125;
2419800000;-36.273788452148438;
2420000000;-36.084869384765625;
2420200000;-36.162017822265625;
2420400000;-36.099369049072266;
2420600000;-35.872879028320313;
2420800000;-36.105209350585937;
2421000000;-36.020088195800781;
2421200000;-36.209243774414063;
2421400000;-35.814167022705078;
2421600000;-35.765571594238281;
2421800000;-35.935142517089844;
2422000000;-35.469963073730469;
2422200000;-35.625877380371094;
2422400000;-35.790264129638672;
2422600000;-35.945274353027344;
2422800000;-35.968925476074219;
2423000000;-35.762424468994141;
2423200000;-36.097282409667969;
2423400000;-35.786357879638672;
2423600000;-35.838188171386719;
2423800000;-36.155982971191406;
2424000000;-35.908096313476562;
2424200000;-36.639091491699219;
2424400000;-36.397270202636719;
2424600000;-36.230213165283203;
2424800000;-35.963489532470703;
2425000000;-36.675048828125;
2425200000;-36.354869842529297;
2425400000;-36.544013977050781;
2425600000;-36.452529907226563;
2425800000;-36.753631591796875;
2426000000;-36.835716247558594;
2426200000;-37.062660217285156;
2426400000;-37.180629730224609;
2426600000;-36.862388610839844;
2426800000;-37.523895263671875;
2427000000;-36.782272338867188;
2427200000;-37.006973266601563;
2427400000;-36.939315795898438;
2427600000;-37.391410827636719;
2427800000;-37.141555786132813;
2428000000;-37.014091491699219;
2428200000;-37.055496215820312;
2428400000;-37.643871307373047;
2428600000;-37.692440032958984;
2428800000;-37.77398681640625;
2429000000;-37.527275085449219;
2429200000;-37.62347412109375;
2429400000;-38.073329925537109;
2429600000;-38.217033386230469;
2429800000;-38.281578063964844;
2430000000;-38.445266723632813;
2430200000;-38.695907592773438;
2430400000;-38.492774963378906;
2430600000;-38.291633605957031;
2430800000;-38.536750793457031;
2431000000;-38.914897918701172;
2431200000;-38.696327209472656;
2431400000;-38.588523864746094;
2431600000;-38.853965759277344;
2431800000;-38.653079986572266;
2432000000;-39.326591491699219;
2432200000;-39.092342376708984;
2432400000;-39.36407470703125;
2432600000;-38.926017761230469;
2432800000;-38.966789245605469;
2433000000;-39.287025451660156;
2433200000;-39.544391632080078;
2433400000;-39.064609527587891;
2433600000;-39.156723022460938;
2433800000;-39.03656005859375;
2434000000;-39.214347839355469;
2434200000;-39.201786041259766;
2434400000;-39.128078460693359;
2434600000;-38.878524780273438;
2434800000;-39.17767333984375;
2435000000;-39.498703002929688;
2435200000;-39.379508972167969;
2435400000;-39.556224822998047;
2435600000;-39.766677856445313;
2435800000;-39.708126068115234;
2436000000;-40.084129333496094;
2436200000;-39.820281982421875;
2436400000;-39.892631530761719;
2436600000;-39.573257446289063;
2436800000;-39.575881958007813;
2437000000;-39.371467590332031;
2437200000;-39.088153839111328;
2437400000;-39.496406555175781;
2437600000;-38.725204467773438;
2437800000;-38.8184814453125;
2438000000;-38.805740356445313;
2438200000;-38.441658020019531;
2438400000;-38.343406677246094;
2438600000;-38.574897766113281;
2438800000;-38.650455474853516;
2439000000;-38.759780883789063;
2439200000;-38.703536987304688;
2439400000;-38.880725860595703;
2439600000;-38.376205444335938;
2439800000;-38.514694213867188;
2440000000;-38.098678588867188;
2440200000;-38.302139282226562;
2440400000;-38.113475799560547;
2440600000;-38.111865997314453;
2440800000;-38.525142669677734;
2441000000;-38.476543426513672;
2441200000;-38.435516357421875;
2441400000;-38.601531982421875;
2441600000;-38.430839538574219;
2441800000;-38.573246002197266;
2442000000;-38.750778198242188;
2442200000;-39.20703125;
2442400000;-39.302841186523438;
2442600000;-39.275299072265625;
2442800000;-39.462413787841797;
2443000000;-39.726951599121094;
2443200000;-39.522560119628906;
2443400000;-39.575630187988281;
2443600000;-39.858757019042969;
2443800000;-39.548553466796875;
2444000000;-39.779449462890625;
2444200000;-40.037200927734375;
2444400000;-39.947982788085938;
2444600000;-39.927131652832031;
2444800000;-40.471920013427734;
2445000000;-40.684516906738281;
2445200000;-40.989032745361328;
2445400000;-41.097122192382812;
2445600000;-41.197578430175781;
2445800000;-41.015022277832031;
2446000000;-40.847267150878906;
2446200000;-41.292625427246094;
2446400000;-40.806198120117188;
2446600000;-41.197731018066406;
2446800000;-40.49542236328125;
2447000000;-40.801162719726563;
2447200000;-41.322238922119141;
2447400000;-40.830619812011719;
2447600000;-40.860187530517578;
2447800000;-40.767555236816406;
2448000000;-41.032203674316406;
2448200000;-41.110565185546875;
2448400000;-41.360343933105469;
2448600000;-41.718269348144531;
2448800000;-41.237991333007812;
2449000000;-41.419654846191406;
2449200000;-40.888267517089844;
2449400000;-41.649093627929688;
2449600000;-41.093055725097656;
2449800000;-40.824836730957031;
2450000000;-40.631492614746094;
2450200000;-40.440925598144531;
2450400000;-40.029243469238281;
2450600000;-40.566802978515625;
2450800000;-40.335784912109375;
2451000000;-40.082908630371094;
2451200000;-40.283882141113281;
2451400000;-39.726409912109375;
2451600000;-39.524856567382813;
2451800000;-39.891769409179687;
2452000000;-39.848121643066406;
2452200000;-39.586238861083984;
2452400000;-39.302658081054687;
2452600000;-39.373703002929688;
2452800000;-39.110969543457031;
2453000000;-39.361526489257812;
2453200000;-39.267807006835938;
2453400000;-38.740303039550781;
2453600000;-38.863784790039063;
2453800000;-39.015296936035156;
2454000000;-39.217792510986328;
2454200000;-39.287834167480469;
2454400000;-38.933036804199219;
2454600000;-39.119556427001953;
2454800000;-39.449150085449219;
2455000000;-39.657367706298828;
2455200000;-39.633781433105469;
2455400000;-39.33917236328125;
2455600000;-39.64031982421875;
2455800000;-39.257640838623047;
2456000000;-39.417961120605469;
2456200000;-38.754623413085937;
2456400000;-39.390480041503906;
2456600000;-39.256210327148438;
2456800000;-38.905170440673828;
2457000000;-38.696723937988281;
2457200000;-39.534553527832031;
2457400000;-39.564361572265625;
2457600000;-39.734817504882813;
2457800000;-39.264060974121094;
2458000000;-39.893569946289063;
2458200000;-40.410713195800781;
2458400000;-40.262062072753906;
2458600000;-40.878665924072266;
2458800000;-40.624046325683594;
2459000000;-40.598648071289063;
2459200000;-40.644237518310547;
2459400000;-40.440208435058594;
2459600000;-40.537178039550781;
2459800000;-40.752323150634766;
2460000000;-41.036155700683594;
2460200000;-41.444122314453125;
2460400000;-42.067161560058594;
2460600000;-42.117271423339844;
2460800000;-42.500755310058594;
2461000000;-42.637969970703125;
2461200000;-43.138469696044922;
2461400000;-44.145011901855469;
2461600000;-44.395965576171875;
2461800000;-44.343421936035156;
2462000000;-44.841651916503906;
2462200000;-45.411056518554688;
2462400000;-45.354923248291016;
2462600000;-45.129058837890625;
2462800000;-44.26031494140625;
2463000000;-45.486076354980469;
2463200000;-46.310569763183594;
2463400000;-47.337688446044922;
2463600000;-47.974441528320313;
2463800000;-49.436668395996094;
2464000000;-50.180332183837891;
2464200000;-50.323219299316406;
2464400000;-50.492637634277344;
2464600000;-52.33709716796875;
2464800000;-55.450248718261719;
2465000000;-55.729942321777344;
2465200000;-59.201484680175781;
2465400000;-55.986122131347656;
2465600000;-58.562557220458984;
2465800000;-60.660160064697266;
2466000000;-65.668693542480469;
2466200000;-58.971450805664063;
2466400000;-66.527053833007813;
2466600000;-69.968307495117188;
2466800000;-67.360710144042969;
2467000000;-61.493949890136719;
2467200000;-59.871078491210938;
2467400000;-55.601726531982422;
2467600000;-53.603668212890625;
2467800000;-52.758110046386719;
2468000000;-51.387203216552734;
2468200000;-51.102725982666016;
2468400000;-49.865318298339844;
2468600000;-50.120693206787109;
2468800000;-48.502647399902344;
2469000000;-48.160171508789063;
2469200000;-47.233386993408203;
2469400000;-46.953712463378906;
2469600000;-46.215110778808594;
2469800000;-44.846664428710938;
2470000000;-44.506202697753906;
2470200000;-45.062332153320313;
2470400000;-45.069625854492188;
2470600000;-43.290863037109375;
2470800000;-43.678997039794922;
2471000000;-43.404716491699219;
2471200000;-43.528797149658203;
2471400000;-43.6119384765625;
2471600000;-43.706310272216797;
2471800000;-43.370712280273438;
2472000000;-43.451141357421875;
2472200000;-44.082862854003906;
2472400000;-43.882221221923828;
2472600000;-42.726909637451172;
2472800000;-42.535041809082031;
2473000000;-43.815231323242188;
2473200000;-42.993335723876953;
2473400000;-42.195892333984375;
2473600000;-42.498977661132812;
2473800000;-42.460575103759766;
2474000000;-41.802230834960938;
2474200000;-41.122024536132812;
2474400000;-42.034889221191406;
2474600000;-41.657958984375;
2474800000;-41.12579345703125;
2475000000;-41.019271850585938;
2475200000;-40.751579284667969;
2475400000;-41.646694183349609;
2475600000;-41.341850280761719;
2475800000;-40.982566833496094;
2476000000;-40.910663604736328;
2476200000;-41.248039245605469;
2476400000;-40.750179290771484;
2476600000;-40.660346984863281;
2476800000;-40.647396087646484;
2477000000;-40.095306396484375;
2477200000;-40.610809326171875;
2477400000;-39.442237854003906;
2477600000;-40.079780578613281;
2477800000;-39.840728759765625;
2478000000;-39.734146118164063;
2478200000;-39.998306274414063;
2478400000;-40.000453948974609;
2478600000;-40.071582794189453;
2478800000;-40.212814331054688;
2479000000;-40.229217529296875;
2479200000;-39.940559387207031;
2479400000;-40.159477233886719;
2479600000;-40.209907531738281;
2479800000;-40.716468811035156;
2480000000;-40.913284301757813;
2480200000;-41.004951477050781;
2480400000;-40.713459014892578;
2480600000;-40.541007995605469;
2480800000;-40.799549102783203;
2481000000;-40.850296020507813;
2481200000;-40.655651092529297;
2481400000;-41.510185241699219;
2481600000;-41.940689086914063;
2481800000;-41.536609649658203;
2482000000;-41.187873840332031;
2482200000;-41.917961120605469;
2482400000;-42.667434692382813;
2482600000;-42.846961975097656;
2482800000;-42.772254943847656;
2483000000;-42.559539794921875;
2483200000;-43.58380126953125;
2483400000;-43.601203918457031;
2483600000;-43.578449249267578;
2483800000;-43.481105804443359;
2484000000;-43.020118713378906;
2484200000;-43.624900817871094;
2484400000;-43.570701599121094;
2484600000;-44.065788269042969;
2484800000;-43.957847595214844;
2485000000;-44.21014404296875;
2485200000;-43.859909057617188;
2485400000;-43.812446594238281;
2485600000;-44.1011962890625;
2485800000;-44.260025024414063;
2486000000;-45.16796875;
2486200000;-45.402046203613281;
2486400000;-45.964748382568359;
2486600000;-46.0098876953125;
2486800000;-45.716632843017578;
2487000000;-46.336517333984375;
2487200000;-47.034587860107422;
2487400000;-47.078315734863281;
2487600000;-47.337409973144531;
2487800000;-47.119163513183594;
2488000000;-48.994869232177734;
2488200000;-48.726730346679688;
2488400000;-50.022239685058594;
2488600000;-50.876960754394531;
2488800000;-49.190418243408203;
2489000000;-51.330959320068359;
2489200000;-51.877532958984375;
2489400000;-51.470344543457031;
2489600000;-53.762214660644531;
2489800000;-53.683189392089844;
2490000000;-51.646759033203125;
2490200000;-53.892147064208984;
2490400000;-55.205978393554688;
2490600000;-53.132900238037109;
2490800000;-54.418506622314453;
2491000000;-53.495719909667969;
2491200000;-51.983016967773438;
2491400000;-54.00897216796875;
2491600000;-52.249698638916016;
2491800000;-53.023086547851563;
2492000000;-55.255664825439453;
2492200000;-51.603973388671875;
2492400000;-53.841873168945313;
2492600000;-52.965995788574219;
2492800000;-52.278293609619141;
2493000000;-51.078697204589844;
2493200000;-52.555389404296875;
2493400000;-49.773822784423828;
2493600000;-53.447830200195312;
2493800000;-52.887069702148437;
2494000000;-49.855518341064453;
2494200000;-51.225616455078125;
2494400000;-52.541152954101563;
2494600000;-52.500843048095703;
2494800000;-51.555702209472656;
2495000000;-49.944023132324219;
2495200000;-50.763877868652344;
2495400000;-52.501071929931641;
2495600000;-51.6171875;
2495800000;-50.267311096191406;
2496000000;-51.145397186279297;
2496200000;-52.007740020751953;
2496400000;-51.463066101074219;
2496600000;-49.697715759277344;
2496800000;-49.193477630615234;
2497000000;-49.717620849609375;
2497200000;-48.392753601074219;
2497400000;-47.883148193359375;
2497600000;-46.732040405273438;
2497800000;-46.628753662109375;
2498000000;-46.267520904541016;
2498200000;-45.230827331542969;
2498400000;-45.818355560302734;
2498600000;-44.785755157470703;
2498800000;-45.015354156494141;
2499000000;-44.484889984130859;
2499200000;-44.830535888671875;
2499400000;-44.517330169677734;
2499600000;-43.942413330078125;
2499800000;-44.239299774169922;
2500000000;-44.062091827392578;
