Frequency [Hz]; Power [dBm];
2400000000;-44.566635131835937;
2400200000;-44.241531372070313;
2400400000;-45.101882934570312;
2400600000;-45.817657470703125;
2400800000;-45.027027130126953;
2401000000;-45.259246826171875;
2401200000;-45.250595092773438;
2401400000;-46.154052734375;
2401600000;-45.948661804199219;
2401800000;-46.262153625488281;
2402000000;-46.491706848144531;
2402200000;-46.231094360351563;
2402400000;-46.846206665039062;
2402600000;-46.058555603027344;
2402800000;-46.537174224853516;
2403000000;-47.03216552734375;
2403200000;-46.793247222900391;
2403400000;-45.476394653320312;
2403600000;-45.248191833496094;
2403800000;-45.16998291015625;
2404000000;-43.484580993652344;
2404200000;-43.384780883789063;
2404400000;-44.369781494140625;
2404600000;-43.938255310058594;
2404800000;-42.813983917236328;
2405000000;-43.147262573242188;
2405200000;-42.63232421875;
2405400000;-42.5023193359375;
2405600000;-43.170112609863281;
2405800000;-41.876979827880859;
2406000000;-41.616188049316406;
2406200000;-42.480201721191406;
2406400000;-42.789291381835938;
2406600000;-41.967525482177734;
2406800000;-42.520820617675781;
2407000000;-42.846351623535156;
2407200000;-42.236099243164062;
2407400000;-42.470230102539063;
2407600000;-43.072227478027344;
2407800000;-41.919036865234375;
2408000000;-42.130352020263672;
2408200000;-42.576889038085937;
2408400000;-42.889568328857422;
2408600000;-42.432155609130859;
2408800000;-42.66619873046875;
2409000000;-42.520988464355469;
2409200000;-42.631267547607422;
2409400000;-41.385467529296875;
2409600000;-42.445480346679688;
2409800000;-41.740402221679688;
2410000000;-41.706558227539063;
2410200000;-41.524284362792969;
2410400000;-41.527740478515625;
2410600000;-41.935935974121094;
2410800000;-42.56732177734375;
2411000000;-41.623565673828125;
2411200000;-41.797447204589844;
2411400000;-41.637138366699219;
2411600000;-41.375930786132812;
2411800000;-41.014190673828125;
2412000000;-41.434841156005859;
2412200000;-41.243598937988281;
2412400000;-40.894676208496094;
2412600000;-41.181186676025391;
2412800000;-40.771400451660156;
2413000000;-40.616489410400391;
2413200000;-40.050315856933594;
2413400000;-40.418510437011719;
2413600000;-40.404621124267578;
2413800000;-40.329929351806641;
2414000000;-40.194972991943359;
2414200000;-40.741806030273438;
2414400000;-40.517818450927734;
2414600000;-40.984268188476562;
2414800000;-41.181930541992188;
2415000000;-41.326709747314453;
2415200000;-42.05487060546875;
2415400000;-41.801292419433594;
2415600000;-41.948020935058594;
2415800000;-41.697196960449219;
2416000000;-43.029129028320312;
2416200000;-42.972339630126953;
2416400000;-43.422000885009766;
2416600000;-43.904380798339844;
2416800000;-43.589988708496094;
2417000000;-43.341201782226563;
2417200000;-43.720352172851562;
2417400000;-44.442928314208984;
2417600000;-44.812652587890625;
2417800000;-45.821517944335938;
2418000000;-46.274368286132813;
2418200000;-46.582328796386719;
2418400000;-47.934188842773438;
2418600000;-48.402435302734375;
2418800000;-47.670944213867188;
2419000000;-48.326942443847656;
2419200000;-49.064140319824219;
2419400000;-50.010471343994141;
2419600000;-49.252861022949219;
2419800000;-49.670989990234375;
2420000000;-51.096748352050781;
2420200000;-51.680629730224609;
2420400000;-51.764041900634766;
2420600000;-51.495986938476563;
2420800000;-52.3466796875;
2421000000;-54.152839660644531;
2421200000;-52.609172821044922;
2421400000;-54.663501739501953;
2421600000;-56.064834594726563;
2421800000;-55.992874145507813;
2422000000;-52.536407470703125;
2422200000;-56.062957763671875;
2422400000;-55.508899688720703;
2422600000;-58.461921691894531;
2422800000;-56.184112548828125;
2423000000;-60.666896820068359;
2423200000;-55.309684753417969;
2423400000;-55.191001892089844;
2423600000;-56.388038635253906;
2423800000;-56.121463775634766;
2424000000;-54.614368438720703;
2424200000;-56.854801177978516;
2424400000;-58.283924102783203;
2424600000;-52.994247436523438;
2424800000;-54.603908538818359;
2425000000;-51.459136962890625;
2425200000;-51.335952758789063;
2425400000;-49.399383544921875;
2425600000;-49.135345458984375;
2425800000;-48.18609619140625;
2426000000;-49.667434692382813;
2426200000;-48.860298156738281;
2426400000;-46.674358367919922;
2426600000;-46.9541015625;
2426800000;-46.737838745117188;
2427000000;-45.698265075683594;
2427200000;-46.47235107421875;
2427400000;-46.3089599609375;
2427600000;-45.778152465820313;
2427800000;-45.199745178222656;
2428000000;-45.450920104980469;
2428200000;-44.783477783203125;
2428400000;-45.406322479248047;
2428600000;-45.264781951904297;
2428800000;-45.530250549316406;
2429000000;-44.349529266357422;
2429200000;-44.085525512695313;
2429400000;-44.458675384521484;
2429600000;-44.179603576660156;
2429800000;-45.020839691162109;
2430000000;-44.808181762695313;
2430200000;-45.033195495605469;
2430400000;-45.190536499023438;
2430600000;-44.708377838134766;
2430800000;-45.100460052490234;
2431000000;-45.993595123291016;
2431200000;-46.654415130615234;
2431400000;-46.269218444824219;
2431600000;-46.570465087890625;
2431800000;-46.697185516357422;
2432000000;-47.807380676269531;
2432200000;-47.508014678955078;
2432400000;-47.862136840820313;
2432600000;-48.492835998535156;
2432800000;-48.499397277832031;
2433000000;-48.363334655761719;
2433200000;-47.867843627929688;
2433400000;-47.425155639648438;
2433600000;-48.884300231933594;
2433800000;-46.889350891113281;
2434000000;-47.748565673828125;
2434200000;-49.11846923828125;
2434400000;-48.099636077880859;
2434600000;-48.638252258300781;
2434800000;-48.768489837646484;
2435000000;-47.723335266113281;
2435200000;-47.553192138671875;
2435400000;-48.134151458740234;
2435600000;-46.787269592285156;
2435800000;-47.949169158935547;
2436000000;-47.339344024658203;
2436200000;-47.950942993164062;
2436400000;-48.419769287109375;
2436600000;-47.262611389160156;
2436800000;-49.507976531982422;
2437000000;-48.102882385253906;
2437200000;-49.27032470703125;
2437400000;-48.8455810546875;
2437600000;-49.060516357421875;
2437800000;-49.075153350830078;
2438000000;-48.406044006347656;
2438200000;-48.945419311523438;
2438400000;-48.30438232421875;
2438600000;-49.461944580078125;
2438800000;-48.190509796142578;
2439000000;-49.318866729736328;
2439200000;-48.509033203125;
2439400000;-48.982349395751953;
2439600000;-48.538799285888672;
2439800000;-48.375389099121094;
2440000000;-47.435386657714844;
2440200000;-48.958133697509766;
2440400000;-47.749114990234375;
2440600000;-47.639305114746094;
2440800000;-47.577796936035156;
2441000000;-48.355022430419922;
2441200000;-48.256050109863281;
2441400000;-47.629871368408203;
2441600000;-47.453556060791016;
2441800000;-46.961193084716797;
2442000000;-46.523212432861328;
2442200000;-45.110034942626953;
2442400000;-44.841995239257813;
2442600000;-45.023506164550781;
2442800000;-46.238918304443359;
2443000000;-45.6197509765625;
2443200000;-44.198051452636719;
2443400000;-44.687309265136719;
2443600000;-44.401985168457031;
2443800000;-44.791831970214844;
2444000000;-43.951362609863281;
2444200000;-44.798553466796875;
2444400000;-44.37359619140625;
2444600000;-43.878395080566406;
2444800000;-43.825054168701172;
2445000000;-44.000751495361328;
2445200000;-44.289222717285156;
2445400000;-44.256198883056641;
2445600000;-44.275970458984375;
2445800000;-43.312278747558594;
2446000000;-43.827690124511719;
2446200000;-43.672523498535156;
2446400000;-43.936195373535156;
2446600000;-43.890159606933594;
2446800000;-43.129470825195313;
2447000000;-43.389663696289063;
2447200000;-42.900718688964844;
2447400000;-42.793792724609375;
2447600000;-43.354240417480469;
2447800000;-43.706340789794922;
2448000000;-42.762214660644531;
2448200000;-43.362838745117188;
2448400000;-43.618331909179688;
2448600000;-43.124404907226563;
2448800000;-42.677482604980469;
2449000000;-43.335899353027344;
2449200000;-43.54547119140625;
2449400000;-43.645454406738281;
2449600000;-42.97686767578125;
2449800000;-43.97021484375;
2450000000;-44.254539489746094;
2450200000;-43.953216552734375;
2450400000;-44.318622589111328;
2450600000;-43.522750854492188;
2450800000;-44.915733337402344;
2451000000;-44.079658508300781;
2451200000;-44.991603851318359;
2451400000;-45.510128021240234;
2451600000;-45.021137237548828;
2451800000;-45.681266784667969;
2452000000;-46.174186706542969;
2452200000;-48.018924713134766;
2452400000;-46.253627777099609;
2452600000;-46.81317138671875;
2452800000;-46.3447265625;
2453000000;-47.384590148925781;
2453200000;-46.33319091796875;
2453400000;-46.365726470947266;
2453600000;-46.03668212890625;
2453800000;-45.677139282226562;
2454000000;-45.995250701904297;
2454200000;-46.173484802246094;
2454400000;-44.740657806396484;
2454600000;-44.800437927246094;
2454800000;-44.508819580078125;
2455000000;-44.20526123046875;
2455200000;-43.421646118164063;
2455400000;-43.435867309570312;
2455600000;-43.065895080566406;
2455800000;-42.839485168457031;
2456000000;-42.184967041015625;
2456200000;-42.007301330566406;
2456400000;-42.183746337890625;
2456600000;-41.3216552734375;
2456800000;-41.369731903076172;
2457000000;-41.067420959472656;
2457200000;-41.161277770996094;
2457400000;-41.015174865722656;
2457600000;-40.83026123046875;
2457800000;-40.764823913574219;
2458000000;-41.013801574707031;
2458200000;-40.465690612792969;
2458400000;-40.627647399902344;
2458600000;-41.042591094970703;
2458800000;-40.469566345214844;
2459000000;-40.287666320800781;
2459200000;-40.630496978759766;
2459400000;-40.484245300292969;
2459600000;-41.069877624511719;
2459800000;-40.425319671630859;
2460000000;-40.599472045898438;
2460200000;-40.081733703613281;
2460400000;-39.933792114257813;
2460600000;-40.435859680175781;
2460800000;-40.463661193847656;
2461000000;-40.288200378417969;
2461200000;-41.486434936523438;
2461400000;-40.642776489257813;
2461600000;-40.44244384765625;
2461800000;-40.410324096679688;
2462000000;-40.511798858642578;
2462200000;-38.68328857421875;
2462400000;-40.786510467529297;
2462600000;-40.229503631591797;
2462800000;-39.735893249511719;
2463000000;-41.266666412353516;
2463200000;-39.714340209960937;
2463400000;-40.392086029052734;
2463600000;-40.634834289550781;
2463800000;-40.396873474121094;
2464000000;-40.730953216552734;
2464200000;-40.896652221679688;
2464400000;-40.650482177734375;
2464600000;-40.521068572998047;
2464800000;-40.628929138183594;
2465000000;-40.145439147949219;
2465200000;-40.393470764160156;
2465400000;-39.682182312011719;
2465600000;-40.067302703857422;
2465800000;-39.856761932373047;
2466000000;-40.056869506835938;
2466200000;-39.7552490234375;
2466400000;-39.626071929931641;
2466600000;-39.37481689453125;
2466800000;-39.810997009277344;
2467000000;-39.181159973144531;
2467200000;-40.086227416992187;
2467400000;-39.916133880615234;
2467600000;-39.493114471435547;
2467800000;-39.243003845214844;
2468000000;-39.322330474853516;
2468200000;-39.179683685302734;
2468400000;-39.138420104980469;
2468600000;-39.203903198242187;
2468800000;-39.353374481201172;
2469000000;-39.457977294921875;
2469200000;-39.127422332763672;
2469400000;-39.323806762695313;
2469600000;-38.623931884765625;
2469800000;-39.594078063964844;
2470000000;-39.920646667480469;
2470200000;-39.667587280273438;
2470400000;-39.609573364257813;
2470600000;-39.108318328857422;
2470800000;-39.744129180908203;
2471000000;-38.943752288818359;
2471200000;-39.436634063720703;
2471400000;-39.134143829345703;
2471600000;-39.237224578857422;
2471800000;-39.483543395996094;
2472000000;-39.272914886474609;
2472200000;-39.032730102539063;
2472400000;-38.766159057617187;
2472600000;-39.053432464599609;
2472800000;-39.232189178466797;
2473000000;-39.005386352539062;
2473200000;-38.517646789550781;
2473400000;-38.180503845214844;
2473600000;-38.389186859130859;
2473800000;-38.091556549072266;
2474000000;-38.097602844238281;
2474200000;-38.009307861328125;
2474400000;-38.037239074707031;
2474600000;-37.563083648681641;
2474800000;-37.868408203125;
2475000000;-37.738754272460937;
2475200000;-37.434238433837891;
2475400000;-37.828483581542969;
2475600000;-38.016654968261719;
2475800000;-37.637969970703125;
2476000000;-37.490005493164062;
2476200000;-37.808807373046875;
2476400000;-37.504116058349609;
2476600000;-37.481193542480469;
2476800000;-37.432331085205078;
2477000000;-37.568595886230469;
2477200000;-37.407173156738281;
2477400000;-37.400711059570313;
2477600000;-37.358505249023438;
2477800000;-37.027626037597656;
2478000000;-37.218692779541016;
2478200000;-37.38543701171875;
2478400000;-37.668312072753906;
2478600000;-37.502819061279297;
2478800000;-37.638748168945313;
2479000000;-37.961265563964844;
2479200000;-38.095191955566406;
2479400000;-38.207199096679687;
2479600000;-38.383003234863281;
2479800000;-38.755607604980469;
2480000000;-38.992721557617188;
2480200000;-39.252113342285156;
2480400000;-38.633182525634766;
2480600000;-39.351123809814453;
2480800000;-39.176971435546875;
2481000000;-39.683921813964844;
2481200000;-39.677127838134766;
2481400000;-39.724967956542969;
2481600000;-40.317634582519531;
2481800000;-40.042224884033203;
2482000000;-40.361091613769531;
2482200000;-40.360252380371094;
2482400000;-40.191024780273438;
2482600000;-40.392997741699219;
2482800000;-40.99566650390625;
2483000000;-40.214420318603516;
2483200000;-40.632362365722656;
2483400000;-40.736351013183594;
2483600000;-40.694129943847656;
2483800000;-41.148014068603516;
2484000000;-41.011207580566406;
2484200000;-41.137882232666016;
2484400000;-41.077896118164063;
2484600000;-40.709686279296875;
2484800000;-41.701492309570313;
2485000000;-41.146865844726563;
2485200000;-41.624595642089844;
2485400000;-41.481857299804688;
2485600000;-41.488639831542969;
2485800000;-41.600166320800781;
2486000000;-41.470382690429688;
2486200000;-42.015975952148438;
2486400000;-41.715065002441406;
2486600000;-41.492973327636719;
2486800000;-41.372413635253906;
2487000000;-41.413307189941406;
2487200000;-41.970375061035156;
2487400000;-41.477611541748047;
2487600000;-41.4576416015625;
2487800000;-41.393875122070313;
2488000000;-41.080638885498047;
2488200000;-41.45941162109375;
2488400000;-40.680793762207031;
2488600000;-40.810829162597656;
2488800000;-40.328723907470703;
2489000000;-40.882362365722656;
2489200000;-40.269947052001953;
2489400000;-40.162666320800781;
2489600000;-39.654823303222656;
2489800000;-39.892051696777344;
2490000000;-39.599594116210938;
2490200000;-39.82666015625;
2490400000;-39.377395629882813;
2490600000;-39.202339172363281;
2490800000;-39.142608642578125;
2491000000;-39.431549072265625;
2491200000;-39.185585021972656;
2491400000;-39.521217346191406;
2491600000;-39.241725921630859;
2491800000;-39.133087158203125;
2492000000;-39.076786041259766;
2492200000;-39.254508972167969;
2492400000;-39.374462127685547;
2492600000;-39.09210205078125;
2492800000;-39.616519927978516;
2493000000;-39.807418823242187;
2493200000;-38.939163208007813;
2493400000;-39.529804229736328;
2493600000;-39.7474365234375;
2493800000;-39.587608337402344;
2494000000;-39.813709259033203;
2494200000;-40.407646179199219;
2494400000;-40.189308166503906;
2494600000;-39.843112945556641;
2494800000;-39.738731384277344;
2495000000;-40.054283142089844;
2495200000;-40.016548156738281;
2495400000;-39.223365783691406;
2495600000;-39.569160461425781;
2495800000;-39.510025024414063;
2496000000;-39.479656219482422;
2496200000;-39.031124114990234;
2496400000;-38.99078369140625;
2496600000;-39.360336303710937;
2496800000;-38.973228454589844;
2497000000;-38.786903381347656;
2497200000;-38.509166717529297;
2497400000;-38.618370056152344;
2497600000;-38.39166259765625;
2497800000;-38.856632232666016;
2498000000;-38.357177734375;
2498200000;-38.386829376220703;
2498400000;-37.759780883789063;
2498600000;-37.794296264648438;
2498800000;-37.772434234619141;
2499000000;-37.537513732910156;
2499200000;-37.381248474121094;
2499400000;-37.496471405029297;
2499600000;-37.287002563476562;
2499800000;-37.278701782226562;
2500000000;-37.288642883300781;
