Frequency [Hz]; Power [dBm];
2400000000;-33.348487854003906;
2400200000;-33.018260955810547;
2400400000;-33.197494506835938;
2400600000;-33.479927062988281;
2400800000;-33.613300323486328;
2401000000;-33.784713745117188;
2401200000;-34.049392700195313;
2401400000;-34.064559936523438;
2401600000;-34.483722686767578;
2401800000;-34.768013000488281;
2402000000;-35.053203582763672;
2402200000;-35.009223937988281;
2402400000;-35.305740356445312;
2402600000;-35.526191711425781;
2402800000;-36.090667724609375;
2403000000;-35.884628295898437;
2403200000;-36.115898132324219;
2403400000;-36.681129455566406;
2403600000;-36.585922241210937;
2403800000;-37.082271575927734;
2404000000;-37.277763366699219;
2404200000;-37.322395324707031;
2404400000;-37.171241760253906;
2404600000;-37.420829772949219;
2404800000;-37.258567810058594;
2405000000;-37.262321472167969;
2405200000;-37.20343017578125;
2405400000;-36.621353149414063;
2405600000;-36.366287231445313;
2405800000;-36.457622528076172;
2406000000;-36.552085876464844;
2406200000;-36.010581970214844;
2406400000;-36.030342102050781;
2406600000;-35.770442962646484;
2406800000;-35.396492004394531;
2407000000;-35.533031463623047;
2407200000;-35.384483337402344;
2407400000;-35.279243469238281;
2407600000;-34.993057250976563;
2407800000;-35.2540283203125;
2408000000;-34.786586761474609;
2408200000;-34.858177185058594;
2408400000;-34.994308471679688;
2408600000;-34.599231719970703;
2408800000;-35.051040649414063;
2409000000;-34.779747009277344;
2409200000;-34.353313446044922;
2409400000;-34.494529724121094;
2409600000;-34.689823150634766;
2409800000;-34.665443420410156;
2410000000;-34.437705993652344;
2410200000;-34.451042175292969;
2410400000;-34.581943511962891;
2410600000;-34.645698547363281;
2410800000;-34.541515350341797;
2411000000;-34.43280029296875;
2411200000;-34.119613647460937;
2411400000;-34.278724670410156;
2411600000;-34.278457641601563;
2411800000;-34.065753936767578;
2412000000;-33.995044708251953;
2412200000;-33.952423095703125;
2412400000;-33.807991027832031;
2412600000;-34.093711853027344;
2412800000;-33.686798095703125;
2413000000;-33.5382080078125;
2413200000;-33.276748657226563;
2413400000;-33.349037170410156;
2413600000;-33.454887390136719;
2413800000;-33.355205535888672;
2414000000;-32.793323516845703;
2414200000;-32.801254272460937;
2414400000;-32.615135192871094;
2414600000;-32.736961364746094;
2414800000;-32.43438720703125;
2415000000;-32.201503753662109;
2415200000;-32.182071685791016;
2415400000;-32.208358764648437;
2415600000;-31.992706298828125;
2415800000;-31.959743499755859;
2416000000;-31.80195426940918;
2416200000;-31.807144165039063;
2416400000;-31.519451141357422;
2416600000;-31.398920059204102;
2416800000;-31.347715377807617;
2417000000;-31.333034515380859;
2417200000;-31.146682739257813;
2417400000;-30.840423583984375;
2417600000;-30.768951416015625;
2417800000;-30.575889587402344;
2418000000;-30.58131217956543;
2418200000;-30.474893569946289;
2418400000;-30.443899154663086;
2418600000;-30.388238906860352;
2418800000;-30.407266616821289;
2419000000;-30.411603927612305;
2419200000;-30.387819290161133;
2419400000;-30.300716400146484;
2419600000;-30.343246459960938;
2419800000;-30.276483535766602;
2420000000;-30.216131210327148;
2420200000;-30.366912841796875;
2420400000;-30.253757476806641;
2420600000;-30.33622932434082;
2420800000;-30.190465927124023;
2421000000;-30.37193489074707;
2421200000;-30.329059600830078;
2421400000;-30.422378540039063;
2421600000;-30.572000503540039;
2421800000;-30.494028091430664;
2422000000;-30.564874649047852;
2422200000;-30.348627090454102;
2422400000;-30.32733154296875;
2422600000;-30.460336685180664;
2422800000;-30.353754043579102;
2423000000;-30.132957458496094;
2423200000;-29.960180282592773;
2423400000;-30.103885650634766;
2423600000;-29.74205207824707;
2423800000;-29.628257751464844;
2424000000;-29.467029571533203;
2424200000;-29.461399078369141;
2424400000;-29.161113739013672;
2424600000;-29.150711059570313;
2424800000;-28.996963500976563;
2425000000;-28.824672698974609;
2425200000;-28.737777709960938;
2425400000;-28.808341979980469;
2425600000;-28.775018692016602;
2425800000;-28.735109329223633;
2426000000;-28.649633407592773;
2426200000;-28.422397613525391;
2426400000;-28.473335266113281;
2426600000;-28.389377593994141;
2426800000;-28.247011184692383;
2427000000;-28.366037368774414;
2427200000;-28.368274688720703;
2427400000;-28.516401290893555;
2427600000;-28.553676605224609;
2427800000;-28.472696304321289;
2428000000;-28.52336311340332;
2428200000;-28.744546890258789;
2428400000;-28.817314147949219;
2428600000;-28.774799346923828;
2428800000;-28.92042350769043;
2429000000;-29.075721740722656;
2429200000;-29.176851272583008;
2429400000;-29.231986999511719;
2429600000;-29.242630004882813;
2429800000;-29.185001373291016;
2430000000;-29.395467758178711;
2430200000;-29.172452926635742;
2430400000;-29.315071105957031;
2430600000;-29.294845581054688;
2430800000;-29.176536560058594;
2431000000;-29.351551055908203;
2431200000;-29.335605621337891;
2431400000;-29.251602172851563;
2431600000;-29.210142135620117;
2431800000;-29.227828979492188;
2432000000;-29.292863845825195;
2432200000;-29.263103485107422;
2432400000;-29.386482238769531;
2432600000;-29.411277770996094;
2432800000;-29.338825225830078;
2433000000;-29.211957931518555;
2433200000;-29.293220520019531;
2433400000;-29.316978454589844;
2433600000;-29.295591354370117;
2433800000;-29.233255386352539;
2434000000;-29.201095581054687;
2434200000;-29.178504943847656;
2434400000;-29.313503265380859;
2434600000;-29.478595733642578;
2434800000;-29.478878021240234;
2435000000;-29.393783569335938;
2435200000;-29.468339920043945;
2435400000;-29.382442474365234;
2435600000;-29.504837036132812;
2435800000;-29.229930877685547;
2436000000;-29.143913269042969;
2436200000;-29.193960189819336;
2436400000;-29.021341323852539;
2436600000;-29.101413726806641;
2436800000;-28.976158142089844;
2437000000;-28.902196884155273;
2437200000;-28.976085662841797;
2437400000;-28.87312126159668;
2437600000;-28.925714492797852;
2437800000;-28.909381866455078;
2438000000;-28.983728408813477;
2438200000;-29.016290664672852;
2438400000;-29.304235458374023;
2438600000;-29.418416976928711;
2438800000;-29.630344390869141;
2439000000;-29.744632720947266;
2439200000;-29.626543045043945;
2439400000;-29.743572235107422;
2439600000;-29.789131164550781;
2439800000;-29.785537719726563;
2440000000;-29.547174453735352;
2440200000;-29.792961120605469;
2440400000;-29.79827880859375;
2440600000;-29.777088165283203;
2440800000;-29.861331939697266;
2441000000;-29.952789306640625;
2441200000;-30.071187973022461;
2441400000;-30.234310150146484;
2441600000;-30.105823516845703;
2441800000;-30.389461517333984;
2442000000;-30.307586669921875;
2442200000;-30.245399475097656;
2442400000;-30.130752563476563;
2442600000;-30.189184188842773;
2442800000;-30.199111938476562;
2443000000;-30.006155014038086;
2443200000;-30.101171493530273;
2443400000;-30.231313705444336;
2443600000;-30.275396347045898;
2443800000;-30.114316940307617;
2444000000;-30.12446403503418;
2444200000;-30.041563034057617;
2444400000;-30.209096908569336;
2444600000;-30.262296676635742;
2444800000;-30.345020294189453;
2445000000;-30.621654510498047;
2445200000;-30.4862060546875;
2445400000;-30.510723114013672;
2445600000;-30.650356292724609;
2445800000;-30.527008056640625;
2446000000;-30.549318313598633;
2446200000;-30.598093032836914;
2446400000;-30.697299957275391;
2446600000;-30.774465560913086;
2446800000;-30.832061767578125;
2447000000;-31.139856338500977;
2447200000;-30.885456085205078;
2447400000;-31.07634162902832;
2447600000;-31.302410125732422;
2447800000;-31.540969848632812;
2448000000;-31.778799057006836;
2448200000;-32.000564575195313;
2448400000;-32.108352661132813;
2448600000;-32.514228820800781;
2448800000;-32.760032653808594;
2449000000;-32.97283935546875;
2449200000;-33.212738037109375;
2449400000;-33.067352294921875;
2449600000;-33.347648620605469;
2449800000;-33.259712219238281;
2450000000;-33.401832580566406;
2450200000;-33.338172912597656;
2450400000;-33.637191772460937;
2450600000;-33.52947998046875;
2450800000;-33.504737854003906;
2451000000;-33.473976135253906;
2451200000;-33.097618103027344;
2451400000;-33.266075134277344;
2451600000;-32.978412628173828;
2451800000;-32.9110107421875;
2452000000;-32.6927490234375;
2452200000;-32.884426116943359;
2452400000;-32.75775146484375;
2452600000;-32.782058715820313;
2452800000;-32.949756622314453;
2453000000;-32.802787780761719;
2453200000;-33.038810729980469;
2453400000;-32.854621887207031;
2453600000;-32.84014892578125;
2453800000;-32.771759033203125;
2454000000;-32.622215270996094;
2454200000;-32.749137878417969;
2454400000;-32.938148498535156;
2454600000;-32.872367858886719;
2454800000;-33.036918640136719;
2455000000;-32.870414733886719;
2455200000;-33.032196044921875;
2455400000;-33.241905212402344;
2455600000;-33.2510986328125;
2455800000;-33.449672698974609;
2456000000;-33.573734283447266;
2456200000;-33.781700134277344;
2456400000;-33.823631286621094;
2456600000;-33.654388427734375;
2456800000;-33.99639892578125;
2457000000;-34.080802917480469;
2457200000;-34.156417846679688;
2457400000;-33.861236572265625;
2457600000;-34.069091796875;
2457800000;-33.870025634765625;
2458000000;-33.630111694335938;
2458200000;-34.193870544433594;
2458400000;-33.959243774414063;
2458600000;-33.942836761474609;
2458800000;-34.116615295410156;
2459000000;-34.240230560302734;
2459200000;-34.026828765869141;
2459400000;-34.071807861328125;
2459600000;-34.070884704589844;
2459800000;-34.004920959472656;
2460000000;-33.904167175292969;
2460200000;-34.053955078125;
2460400000;-34.066108703613281;
2460600000;-33.951019287109375;
2460800000;-33.955741882324219;
2461000000;-33.946075439453125;
2461200000;-33.771312713623047;
2461400000;-33.831634521484375;
2461600000;-33.673538208007812;
2461800000;-33.699508666992188;
2462000000;-33.508106231689453;
2462200000;-33.569068908691406;
2462400000;-33.201190948486328;
2462600000;-33.203857421875;
2462800000;-33.222488403320312;
2463000000;-33.195976257324219;
2463200000;-33.303886413574219;
2463400000;-33.068901062011719;
2463600000;-33.192470550537109;
2463800000;-32.946044921875;
2464000000;-32.998130798339844;
2464200000;-32.926750183105469;
2464400000;-33.001499176025391;
2464600000;-32.99908447265625;
2464800000;-33.056129455566406;
2465000000;-33.007698059082031;
2465200000;-33.079231262207031;
2465400000;-32.780288696289063;
2465600000;-32.819896697998047;
2465800000;-32.722347259521484;
2466000000;-33.261619567871094;
2466200000;-33.321540832519531;
2466400000;-33.461849212646484;
2466600000;-33.436248779296875;
2466800000;-33.671123504638672;
2467000000;-33.637321472167969;
2467200000;-33.546928405761719;
2467400000;-33.780956268310547;
2467600000;-33.727096557617188;
2467800000;-33.74383544921875;
2468000000;-33.672195434570312;
2468200000;-33.293136596679688;
2468400000;-33.187671661376953;
2468600000;-33.143295288085937;
2468800000;-32.884796142578125;
2469000000;-32.866912841796875;
2469200000;-32.415802001953125;
2469400000;-32.336280822753906;
2469600000;-32.067192077636719;
2469800000;-31.923948287963867;
2470000000;-31.728815078735352;
2470200000;-31.770853042602539;
2470400000;-31.519792556762695;
2470600000;-31.390575408935547;
2470800000;-31.216274261474609;
2471000000;-31.061203002929688;
2471200000;-31.072273254394531;
2471400000;-30.990623474121094;
2471600000;-30.9398193359375;
2471800000;-31.015066146850586;
2472000000;-31.276866912841797;
2472200000;-31.377222061157227;
2472400000;-31.499137878417969;
2472600000;-31.710380554199219;
2472800000;-31.888881683349609;
2473000000;-31.781929016113281;
2473200000;-32.132610321044922;
2473400000;-31.93901252746582;
2473600000;-32.076145172119141;
2473800000;-32.053123474121094;
2474000000;-32.4189453125;
2474200000;-32.381538391113281;
2474400000;-32.549964904785156;
2474600000;-32.593738555908203;
2474800000;-32.680110931396484;
2475000000;-32.648265838623047;
2475200000;-32.554336547851563;
2475400000;-32.422718048095703;
2475600000;-32.684944152832031;
2475800000;-32.497959136962891;
2476000000;-32.314167022705078;
2476200000;-32.053062438964844;
2476400000;-31.829586029052734;
2476600000;-31.841550827026367;
2476800000;-31.578926086425781;
2477000000;-31.67430305480957;
2477200000;-31.323080062866211;
2477400000;-31.387416839599609;
2477600000;-31.143640518188477;
2477800000;-31.180330276489258;
2478000000;-31.112735748291016;
2478200000;-31.187040328979492;
2478400000;-31.306049346923828;
2478600000;-31.540420532226563;
2478800000;-31.60142707824707;
2479000000;-31.737726211547852;
2479200000;-31.904739379882813;
2479400000;-31.695343017578125;
2479600000;-32.139690399169922;
2479800000;-31.963274002075195;
2480000000;-31.860569000244141;
2480200000;-31.947359085083008;
2480400000;-31.959758758544922;
2480600000;-31.877780914306641;
2480800000;-31.861148834228516;
2481000000;-31.835054397583008;
2481200000;-31.910179138183594;
2481400000;-31.988462448120117;
2481600000;-31.840435028076172;
2481800000;-32.042690277099609;
2482000000;-32.265495300292969;
2482200000;-32.416130065917969;
2482400000;-32.141551971435547;
2482600000;-32.3533935546875;
2482800000;-32.298851013183594;
2483000000;-32.405654907226563;
2483200000;-32.316444396972656;
2483400000;-32.433090209960937;
2483600000;-32.584617614746094;
2483800000;-32.356864929199219;
2484000000;-32.37872314453125;
2484200000;-32.463401794433594;
2484400000;-32.799629211425781;
2484600000;-32.902084350585938;
2484800000;-33.025993347167969;
2485000000;-33.154533386230469;
2485200000;-33.371864318847656;
2485400000;-33.435279846191406;
2485600000;-33.496139526367188;
2485800000;-33.940303802490234;
2486000000;-33.857627868652344;
2486200000;-33.781639099121094;
2486400000;-34.213363647460937;
2486600000;-34.070655822753906;
2486800000;-34.597949981689453;
2487000000;-34.376144409179688;
2487200000;-34.225955963134766;
2487400000;-34.425827026367188;
2487600000;-34.358352661132813;
2487800000;-34.613639831542969;
2488000000;-34.03204345703125;
2488200000;-34.182258605957031;
2488400000;-33.906654357910156;
2488600000;-33.896614074707031;
2488800000;-33.582782745361328;
2489000000;-33.488597869873047;
2489200000;-33.345745086669922;
2489400000;-33.168567657470703;
2489600000;-33.35504150390625;
2489800000;-33.214958190917969;
2490000000;-33.019706726074219;
2490200000;-33.315402984619141;
2490400000;-33.184364318847656;
2490600000;-33.634700775146484;
2490800000;-33.647815704345703;
2491000000;-33.77490234375;
2491200000;-33.552036285400391;
2491400000;-33.703727722167969;
2491600000;-33.647071838378906;
2491800000;-33.580802917480469;
2492000000;-33.320663452148438;
2492200000;-33.61669921875;
2492400000;-33.504261016845703;
2492600000;-33.544136047363281;
2492800000;-33.614017486572266;
2493000000;-33.673660278320313;
2493200000;-33.650497436523437;
2493400000;-33.668666839599609;
2493600000;-33.518211364746094;
2493800000;-33.293617248535156;
2494000000;-33.135383605957031;
2494200000;-33.282569885253906;
2494400000;-33.2254638671875;
2494600000;-33.009128570556641;
2494800000;-33.119407653808594;
2495000000;-32.722213745117188;
2495200000;-33.010063171386719;
2495400000;-32.548477172851562;
2495600000;-32.7354736328125;
2495800000;-32.6768798828125;
2496000000;-32.608402252197266;
2496200000;-32.804042816162109;
2496400000;-32.876373291015625;
2496600000;-33.143768310546875;
2496800000;-33.097915649414063;
2497000000;-33.14190673828125;
2497200000;-33.340644836425781;
2497400000;-33.509418487548828;
2497600000;-33.651496887207031;
2497800000;-33.562961578369141;
2498000000;-33.832771301269531;
2498200000;-33.765155792236328;
2498400000;-33.744949340820313;
2498600000;-33.607013702392578;
2498800000;-33.508998870849609;
2499000000;-33.718975067138672;
2499200000;-33.613601684570313;
2499400000;-33.574302673339844;
2499600000;-33.533363342285156;
2499800000;-33.462863922119141;
2500000000;-33.549652099609375;
