Frequency [Hz]; Power [dBm];
2400000000;-36.6751708984375;
2400200000;-36.494789123535156;
2400400000;-36.64520263671875;
2400600000;-36.549659729003906;
2400800000;-36.621295928955078;
2401000000;-36.438072204589844;
2401200000;-36.607826232910156;
2401400000;-36.236099243164062;
2401600000;-36.074958801269531;
2401800000;-36.239082336425781;
2402000000;-36.401470184326172;
2402200000;-36.499496459960938;
2402400000;-36.775299072265625;
2402600000;-36.721664428710937;
2402800000;-36.504909515380859;
2403000000;-36.818771362304688;
2403200000;-37.035434722900391;
2403400000;-36.615856170654297;
2403600000;-36.554145812988281;
2403800000;-36.882133483886719;
2404000000;-36.874176025390625;
2404200000;-37.222389221191406;
2404400000;-36.65643310546875;
2404600000;-37.145370483398438;
2404800000;-37.050830841064453;
2405000000;-37.523895263671875;
2405200000;-37.244888305664063;
2405400000;-37.596824645996094;
2405600000;-37.565467834472656;
2405800000;-37.841239929199219;
2406000000;-37.34747314453125;
2406200000;-37.186531066894531;
2406400000;-37.318759918212891;
2406600000;-36.995632171630859;
2406800000;-37.08538818359375;
2407000000;-37.264976501464844;
2407200000;-37.181404113769531;
2407400000;-37.188320159912109;
2407600000;-36.261146545410156;
2407800000;-36.618392944335938;
2408000000;-36.566009521484375;
2408200000;-36.507785797119141;
2408400000;-35.963249206542969;
2408600000;-35.873477935791016;
2408800000;-35.704498291015625;
2409000000;-35.293907165527344;
2409200000;-35.212436676025391;
2409400000;-34.785781860351563;
2409600000;-34.662342071533203;
2409800000;-34.404922485351563;
2410000000;-34.065841674804688;
2410200000;-33.769359588623047;
2410400000;-33.720809936523438;
2410600000;-33.749809265136719;
2410800000;-33.919502258300781;
2411000000;-33.47052001953125;
2411200000;-33.31488037109375;
2411400000;-33.137794494628906;
2411600000;-33.066635131835938;
2411800000;-33.007591247558594;
2412000000;-33.021511077880859;
2412200000;-32.862682342529297;
2412400000;-32.806709289550781;
2412600000;-32.744430541992188;
2412800000;-32.814384460449219;
2413000000;-32.957447052001953;
2413200000;-32.850250244140625;
2413400000;-32.947494506835937;
2413600000;-33.174633026123047;
2413800000;-33.203647613525391;
2414000000;-33.418766021728516;
2414200000;-33.702003479003906;
2414400000;-33.739940643310547;
2414600000;-34.009017944335938;
2414800000;-34.035530090332031;
2415000000;-34.226192474365234;
2415200000;-34.263523101806641;
2415400000;-34.302749633789063;
2415600000;-33.949306488037109;
2415800000;-34.082996368408203;
2416000000;-33.953742980957031;
2416200000;-33.899131774902344;
2416400000;-33.860458374023438;
2416600000;-33.68109130859375;
2416800000;-33.558517456054687;
2417000000;-33.577533721923828;
2417200000;-33.546985626220703;
2417400000;-33.511043548583984;
2417600000;-33.313823699951172;
2417800000;-33.177478790283203;
2418000000;-33.356948852539063;
2418200000;-33.333892822265625;
2418400000;-33.361648559570313;
2418600000;-33.097618103027344;
2418800000;-33.258567810058594;
2419000000;-33.275390625;
2419200000;-33.389366149902344;
2419400000;-33.023551940917969;
2419600000;-33.231395721435547;
2419800000;-33.080390930175781;
2420000000;-33.201416015625;
2420200000;-33.294612884521484;
2420400000;-32.992794036865234;
2420600000;-33.401199340820313;
2420800000;-33.204559326171875;
2421000000;-33.19244384765625;
2421200000;-33.248760223388672;
2421400000;-33.380870819091797;
2421600000;-33.460609436035156;
2421800000;-33.534828186035156;
2422000000;-33.589874267578125;
2422200000;-33.526405334472656;
2422400000;-33.644493103027344;
2422600000;-33.508537292480469;
2422800000;-33.419708251953125;
2423000000;-33.544048309326172;
2423200000;-33.741226196289063;
2423400000;-33.61993408203125;
2423600000;-33.571144104003906;
2423800000;-33.568519592285156;
2424000000;-33.619354248046875;
2424200000;-33.690498352050781;
2424400000;-33.563690185546875;
2424600000;-33.545345306396484;
2424800000;-33.357799530029297;
2425000000;-33.346904754638672;
2425200000;-33.125591278076172;
2425400000;-32.82745361328125;
2425600000;-33.234642028808594;
2425800000;-32.920799255371094;
2426000000;-32.994956970214844;
2426200000;-33.261676788330078;
2426400000;-33.100761413574219;
2426600000;-33.108436584472656;
2426800000;-33.075042724609375;
2427000000;-33.313522338867188;
2427200000;-33.383537292480469;
2427400000;-33.292678833007812;
2427600000;-33.698200225830078;
2427800000;-33.490264892578125;
2428000000;-33.480369567871094;
2428200000;-33.562721252441406;
2428400000;-33.565555572509766;
2428600000;-33.428020477294922;
2428800000;-33.202857971191406;
2429000000;-33.276252746582031;
2429200000;-32.947090148925781;
2429400000;-33.159046173095703;
2429600000;-32.792850494384766;
2429800000;-32.828792572021484;
2430000000;-32.92901611328125;
2430200000;-33.003494262695313;
2430400000;-33.140613555908203;
2430600000;-33.114620208740234;
2430800000;-33.100864410400391;
2431000000;-33.240592956542969;
2431200000;-33.151981353759766;
2431400000;-33.295970916748047;
2431600000;-33.308708190917969;
2431800000;-33.315433502197266;
2432000000;-33.426856994628906;
2432200000;-33.243202209472656;
2432400000;-33.400180816650391;
2432600000;-33.287399291992188;
2432800000;-33.726455688476562;
2433000000;-33.788032531738281;
2433200000;-33.590248107910156;
2433400000;-33.880950927734375;
2433600000;-34.236549377441406;
2433800000;-34.625282287597656;
2434000000;-34.797748565673828;
2434200000;-35.227813720703125;
2434400000;-35.917484283447266;
2434600000;-36.013160705566406;
2434800000;-36.149112701416016;
2435000000;-36.113227844238281;
2435200000;-36.337272644042969;
2435400000;-35.989093780517578;
2435600000;-36.110130310058594;
2435800000;-36.307273864746094;
2436000000;-36.057788848876953;
2436200000;-35.614044189453125;
2436400000;-35.959373474121094;
2436600000;-35.639183044433594;
2436800000;-35.434123992919922;
2437000000;-36.144538879394531;
2437200000;-35.574325561523438;
2437400000;-34.544700622558594;
2437600000;-35.900672912597656;
2437800000;-34.390270233154297;
2438000000;-35.916900634765625;
2438200000;-34.82196044921875;
2438400000;-35.386245727539063;
2438600000;-35.439010620117188;
2438800000;-34.4647216796875;
2439000000;-34.738227844238281;
2439200000;-35.065986633300781;
2439400000;-34.70965576171875;
2439600000;-34.470966339111328;
2439800000;-35.385898590087891;
2440000000;-34.377799987792969;
2440200000;-34.985740661621094;
2440400000;-34.187385559082031;
2440600000;-35.453094482421875;
2440800000;-35.479576110839844;
2441000000;-36.269615173339844;
2441200000;-36.458992004394531;
2441400000;-36.763050079345703;
2441600000;-37.226322174072266;
2441800000;-37.841640472412109;
2442000000;-37.660533905029297;
2442200000;-37.467487335205078;
2442400000;-38.852710723876953;
2442600000;-39.414260864257813;
2442800000;-39.005775451660156;
2443000000;-39.265983581542969;
2443200000;-38.706489562988281;
2443400000;-39.059112548828125;
2443600000;-39.462905883789063;
2443800000;-38.65777587890625;
2444000000;-38.907684326171875;
2444200000;-38.73101806640625;
2444400000;-38.888626098632813;
2444600000;-39.071495056152344;
2444800000;-38.895332336425781;
2445000000;-38.736011505126953;
2445200000;-38.656192779541016;
2445400000;-39.107021331787109;
2445600000;-38.805084228515625;
2445800000;-39.215465545654297;
2446000000;-39.253822326660156;
2446200000;-39.250160217285156;
2446400000;-39.869190216064453;
2446600000;-40.155738830566406;
2446800000;-40.746467590332031;
2447000000;-40.342132568359375;
2447200000;-40.907936096191406;
2447400000;-40.828010559082031;
2447600000;-41.892715454101563;
2447800000;-41.987453460693359;
2448000000;-42.587814331054687;
2448200000;-43.176887512207031;
2448400000;-43.086761474609375;
2448600000;-43.850013732910156;
2448800000;-44.307563781738281;
2449000000;-44.456268310546875;
2449200000;-43.824729919433594;
2449400000;-43.966796875;
2449600000;-44.349174499511719;
2449800000;-45.423500061035156;
2450000000;-44.41302490234375;
2450200000;-45.191925048828125;
2450400000;-45.792179107666016;
2450600000;-44.863395690917969;
2450800000;-45.255943298339844;
2451000000;-45.088493347167969;
2451200000;-44.732089996337891;
2451400000;-45.247043609619141;
2451600000;-44.499347686767578;
2451800000;-44.963912963867188;
2452000000;-44.878555297851563;
2452200000;-45.977252960205078;
2452400000;-46.377246856689453;
2452600000;-47.718879699707031;
2452800000;-49.783805847167969;
2453000000;-49.1885986328125;
2453200000;-51.791282653808594;
2453400000;-54.294147491455078;
2453600000;-55.495010375976562;
2453800000;-55.518836975097656;
2454000000;-57.585300445556641;
2454200000;-54.448371887207031;
2454400000;-52.094005584716797;
2454600000;-52.731025695800781;
2454800000;-49.7578125;
2455000000;-49.150901794433594;
2455200000;-48.365875244140625;
2455400000;-47.268936157226563;
2455600000;-47.448356628417969;
2455800000;-47.235538482666016;
2456000000;-45.443965911865234;
2456200000;-45.792205810546875;
2456400000;-45.453071594238281;
2456600000;-44.420585632324219;
2456800000;-44.740345001220703;
2457000000;-43.845260620117188;
2457200000;-44.499359130859375;
2457400000;-43.696060180664063;
2457600000;-44.049263000488281;
2457800000;-43.654289245605469;
2458000000;-44.140602111816406;
2458200000;-44.487812042236328;
2458400000;-44.832756042480469;
2458600000;-45.938350677490234;
2458800000;-43.837379455566406;
2459000000;-44.921588897705078;
2459200000;-43.798740386962891;
2459400000;-43.531982421875;
2459600000;-43.545570373535156;
2459800000;-42.219615936279297;
2460000000;-41.67132568359375;
2460200000;-41.043678283691406;
2460400000;-40.191696166992188;
2460600000;-39.599266052246094;
2460800000;-38.947105407714844;
2461000000;-38.511566162109375;
2461200000;-38.201969146728516;
2461400000;-37.686210632324219;
2461600000;-37.392913818359375;
2461800000;-37.037612915039062;
2462000000;-36.904712677001953;
2462200000;-36.377372741699219;
2462400000;-36.469993591308594;
2462600000;-36.125194549560547;
2462800000;-36.079849243164062;
2463000000;-35.600540161132812;
2463200000;-35.396125793457031;
2463400000;-35.344009399414063;
2463600000;-35.535102844238281;
2463800000;-35.448654174804687;
2464000000;-35.609272003173828;
2464200000;-35.449150085449219;
2464400000;-35.766315460205078;
2464600000;-35.633476257324219;
2464800000;-35.537384033203125;
2465000000;-35.723007202148438;
2465200000;-35.691963195800781;
2465400000;-35.733024597167969;
2465600000;-35.707599639892578;
2465800000;-35.48382568359375;
2466000000;-35.521438598632813;
2466200000;-35.577857971191406;
2466400000;-35.483303070068359;
2466600000;-35.546798706054687;
2466800000;-35.161857604980469;
2467000000;-35.120834350585937;
2467200000;-35.514419555664062;
2467400000;-35.534030914306641;
2467600000;-35.404586791992188;
2467800000;-35.420639038085938;
2468000000;-35.280525207519531;
2468200000;-35.225372314453125;
2468400000;-35.101158142089844;
2468600000;-35.262001037597656;
2468800000;-35.042415618896484;
2469000000;-34.936981201171875;
2469200000;-34.834613800048828;
2469400000;-34.748252868652344;
2469600000;-34.676513671875;
2469800000;-34.387306213378906;
2470000000;-34.386825561523438;
2470200000;-34.393531799316406;
2470400000;-34.181320190429687;
2470600000;-34.187030792236328;
2470800000;-33.939262390136719;
2471000000;-33.914508819580078;
2471200000;-33.903049468994141;
2471400000;-33.930812835693359;
2471600000;-33.853870391845703;
2471800000;-34.03204345703125;
2472000000;-33.680229187011719;
2472200000;-33.922508239746094;
2472400000;-33.939426422119141;
2472600000;-33.807838439941406;
2472800000;-33.433029174804688;
2473000000;-33.292034149169922;
2473200000;-33.483531951904297;
2473400000;-33.501678466796875;
2473600000;-33.365535736083984;
2473800000;-33.385177612304688;
2474000000;-33.141609191894531;
2474200000;-33.288009643554687;
2474400000;-33.337905883789063;
2474600000;-33.297950744628906;
2474800000;-33.541683197021484;
2475000000;-33.45843505859375;
2475200000;-33.140926361083984;
2475400000;-33.36090087890625;
2475600000;-33.147911071777344;
2475800000;-33.372360229492187;
2476000000;-33.32196044921875;
2476200000;-33.408821105957031;
2476400000;-33.293258666992187;
2476600000;-33.067947387695312;
2476800000;-33.137660980224609;
2477000000;-33.239128112792969;
2477200000;-33.306442260742188;
2477400000;-33.332942962646484;
2477600000;-33.334564208984375;
2477800000;-33.527389526367188;
2478000000;-33.511741638183594;
2478200000;-33.820175170898437;
2478400000;-34.259708404541016;
2478600000;-34.208877563476562;
2478800000;-34.530754089355469;
2479000000;-34.567100524902344;
2479200000;-34.869873046875;
2479400000;-34.793216705322266;
2479600000;-34.920764923095703;
2479800000;-34.759689331054687;
2480000000;-34.702667236328125;
2480200000;-34.480369567871094;
2480400000;-34.112236022949219;
2480600000;-34.001644134521484;
2480800000;-33.894077301025391;
2481000000;-33.814689636230469;
2481200000;-33.565883636474609;
2481400000;-33.421043395996094;
2481600000;-33.4781494140625;
2481800000;-33.277938842773438;
2482000000;-33.537178039550781;
2482200000;-33.3970947265625;
2482400000;-33.318115234375;
2482600000;-33.238090515136719;
2482800000;-33.191726684570313;
2483000000;-33.221321105957031;
2483200000;-33.028945922851562;
2483400000;-32.991081237792969;
2483600000;-32.888446807861328;
2483800000;-32.976924896240234;
2484000000;-33.061286926269531;
2484200000;-33.207881927490234;
2484400000;-33.260414123535156;
2484600000;-33.250457763671875;
2484800000;-33.285057067871094;
2485000000;-33.580917358398438;
2485200000;-33.731361389160156;
2485400000;-33.88800048828125;
2485600000;-34.194366455078125;
2485800000;-34.154346466064453;
2486000000;-34.197284698486328;
2486200000;-34.33203125;
2486400000;-34.530815124511719;
2486600000;-35.02191162109375;
2486800000;-35.060623168945313;
2487000000;-35.203849792480469;
2487200000;-35.191825866699219;
2487400000;-35.583881378173828;
2487600000;-35.508636474609375;
2487800000;-35.474998474121094;
2488000000;-35.756523132324219;
2488200000;-36.23541259765625;
2488400000;-36.180587768554688;
2488600000;-36.423690795898437;
2488800000;-36.300983428955078;
2489000000;-36.320758819580078;
2489200000;-35.856220245361328;
2489400000;-35.621833801269531;
2489600000;-35.547843933105469;
2489800000;-35.28460693359375;
2490000000;-35.289840698242188;
2490200000;-35.222061157226562;
2490400000;-35.222599029541016;
2490600000;-35.033920288085938;
2490800000;-35.478084564208984;
2491000000;-35.316055297851562;
2491200000;-35.504283905029297;
2491400000;-35.255012512207031;
2491600000;-35.216205596923828;
2491800000;-35.463157653808594;
2492000000;-35.308750152587891;
2492200000;-35.43017578125;
2492400000;-35.407001495361328;
2492600000;-35.471099853515625;
2492800000;-35.724857330322266;
2493000000;-35.640869140625;
2493200000;-35.903434753417969;
2493400000;-35.938064575195313;
2493600000;-36.192314147949219;
2493800000;-36.189231872558594;
2494000000;-36.028255462646484;
2494200000;-36.50799560546875;
2494400000;-36.594085693359375;
2494600000;-36.074302673339844;
2494800000;-36.260238647460937;
2495000000;-36.370681762695313;
2495200000;-35.938972473144531;
2495400000;-36.010997772216797;
2495600000;-35.718223571777344;
2495800000;-35.763511657714844;
2496000000;-35.451755523681641;
2496200000;-35.551662445068359;
2496400000;-35.366737365722656;
2496600000;-35.899543762207031;
2496800000;-35.661415100097656;
2497000000;-36.201141357421875;
2497200000;-35.841110229492188;
2497400000;-36.122409820556641;
2497600000;-36.1849365234375;
2497800000;-36.086063385009766;
2498000000;-36.116954803466797;
2498200000;-36.337837219238281;
2498400000;-36.495208740234375;
2498600000;-36.368236541748047;
2498800000;-36.385494232177734;
2499000000;-36.386226654052734;
2499200000;-36.790664672851562;
2499400000;-36.475460052490234;
2499600000;-36.449295043945312;
2499800000;-36.312446594238281;
2500000000;-36.638629913330078;
