Frequency [Hz]; Power [dBm];
2400000000;-39.946342468261719;
2400200000;-40.001285552978516;
2400400000;-39.526298522949219;
2400600000;-39.081108093261719;
2400800000;-39.148002624511719;
2401000000;-38.800926208496094;
2401200000;-39.110908508300781;
2401400000;-38.520580291748047;
2401600000;-38.750003814697266;
2401800000;-37.977310180664063;
2402000000;-38.080825805664063;
2402200000;-37.825935363769531;
2402400000;-37.77850341796875;
2402600000;-37.745368957519531;
2402800000;-37.586273193359375;
2403000000;-37.338623046875;
2403200000;-36.952415466308594;
2403400000;-36.991054534912109;
2403600000;-36.551734924316406;
2403800000;-36.330238342285156;
2404000000;-36.018272399902344;
2404200000;-36.061325073242188;
2404400000;-36.250823974609375;
2404600000;-36.112693786621094;
2404800000;-35.899929046630859;
2405000000;-35.769577026367188;
2405200000;-35.159755706787109;
2405400000;-35.603225708007813;
2405600000;-35.300796508789063;
2405800000;-35.311672210693359;
2406000000;-34.757957458496094;
2406200000;-34.986976623535156;
2406400000;-35.037673950195312;
2406600000;-34.985874176025391;
2406800000;-34.863418579101563;
2407000000;-35.244045257568359;
2407200000;-34.739479064941406;
2407400000;-34.83294677734375;
2407600000;-34.778877258300781;
2407800000;-34.648380279541016;
2408000000;-34.672252655029297;
2408200000;-34.584762573242187;
2408400000;-34.793739318847656;
2408600000;-34.923984527587891;
2408800000;-34.884834289550781;
2409000000;-34.862052917480469;
2409200000;-35.122978210449219;
2409400000;-34.865211486816406;
2409600000;-35.025306701660156;
2409800000;-35.004158020019531;
2410000000;-35.02685546875;
2410200000;-35.397315979003906;
2410400000;-35.305309295654297;
2410600000;-34.965072631835938;
2410800000;-35.062816619873047;
2411000000;-34.868457794189453;
2411200000;-34.871574401855469;
2411400000;-34.932327270507813;
2411600000;-35.101398468017578;
2411800000;-35.229724884033203;
2412000000;-34.896492004394531;
2412200000;-35.246891021728516;
2412400000;-35.382949829101563;
2412600000;-35.230155944824219;
2412800000;-34.926338195800781;
2413000000;-35.713752746582031;
2413200000;-35.220855712890625;
2413400000;-35.484825134277344;
2413600000;-35.460948944091797;
2413800000;-35.52203369140625;
2414000000;-36.125926971435547;
2414200000;-35.745063781738281;
2414400000;-35.714900970458984;
2414600000;-36.103530883789063;
2414800000;-35.743988037109375;
2415000000;-36.179737091064453;
2415200000;-36.2322998046875;
2415400000;-36.707862854003906;
2415600000;-36.573490142822266;
2415800000;-36.848453521728516;
2416000000;-36.80712890625;
2416200000;-37.048549652099609;
2416400000;-37.197708129882813;
2416600000;-37.371116638183594;
2416800000;-37.757545471191406;
2417000000;-37.683155059814453;
2417200000;-38.062004089355469;
2417400000;-37.942039489746094;
2417600000;-38.8082275390625;
2417800000;-38.550460815429688;
2418000000;-38.571922302246094;
2418200000;-39.070274353027344;
2418400000;-39.334342956542969;
2418600000;-39.074310302734375;
2418800000;-39.194305419921875;
2419000000;-39.513771057128906;
2419200000;-39.541725158691406;
2419400000;-39.28875732421875;
2419600000;-39.447437286376953;
2419800000;-39.61553955078125;
2420000000;-40.007217407226562;
2420200000;-40.018096923828125;
2420400000;-40.142292022705078;
2420600000;-40.064041137695313;
2420800000;-39.878189086914063;
2421000000;-40.457015991210937;
2421200000;-39.781341552734375;
2421400000;-39.926460266113281;
2421600000;-40.041236877441406;
2421800000;-39.678436279296875;
2422000000;-39.531265258789063;
2422200000;-39.148796081542969;
2422400000;-39.282394409179688;
2422600000;-39.545661926269531;
2422800000;-38.983856201171875;
2423000000;-38.876674652099609;
2423200000;-39.416526794433594;
2423400000;-38.989547729492187;
2423600000;-38.641349792480469;
2423800000;-38.783981323242187;
2424000000;-39.072658538818359;
2424200000;-38.953483581542969;
2424400000;-38.826946258544922;
2424600000;-38.615570068359375;
2424800000;-38.970695495605469;
2425000000;-39.103965759277344;
2425200000;-38.937221527099609;
2425400000;-38.837913513183594;
2425600000;-39.634956359863281;
2425800000;-39.365142822265625;
2426000000;-39.195396423339844;
2426200000;-39.402492523193359;
2426400000;-40.415992736816406;
2426600000;-39.674476623535156;
2426800000;-40.153602600097656;
2427000000;-40.320053100585938;
2427200000;-40.502098083496094;
2427400000;-39.76800537109375;
2427600000;-40.035503387451172;
2427800000;-40.273193359375;
2428000000;-40.5489501953125;
2428200000;-40.721046447753906;
2428400000;-41.299823760986328;
2428600000;-41.192230224609375;
2428800000;-41.4493408203125;
2429000000;-41.672607421875;
2429200000;-42.081192016601563;
2429400000;-42.352188110351563;
2429600000;-42.12896728515625;
2429800000;-42.507114410400391;
2430000000;-41.8961181640625;
2430200000;-42.788932800292969;
2430400000;-43.457260131835938;
2430600000;-43.041961669921875;
2430800000;-43.387012481689453;
2431000000;-43.069976806640625;
2431200000;-43.544193267822266;
2431400000;-43.171672821044922;
2431600000;-43.185874938964844;
2431800000;-43.955478668212891;
2432000000;-43.70355224609375;
2432200000;-43.303813934326172;
2432400000;-43.717742919921875;
2432600000;-43.558135986328125;
2432800000;-43.576286315917969;
2433000000;-43.383598327636719;
2433200000;-42.970848083496094;
2433400000;-42.4588623046875;
2433600000;-42.650863647460938;
2433800000;-42.820350646972656;
2434000000;-42.089786529541016;
2434200000;-42.821033477783203;
2434400000;-41.866550445556641;
2434600000;-41.839218139648438;
2434800000;-41.516475677490234;
2435000000;-42.325885772705078;
2435200000;-41.283790588378906;
2435400000;-42.812255859375;
2435600000;-41.393009185791016;
2435800000;-41.388805389404297;
2436000000;-41.741828918457031;
2436200000;-41.355072021484375;
2436400000;-41.418861389160156;
2436600000;-41.220779418945313;
2436800000;-41.465522766113281;
2437000000;-41.834259033203125;
2437200000;-42.103111267089844;
2437400000;-41.71160888671875;
2437600000;-42.670059204101563;
2437800000;-42.646152496337891;
2438000000;-43.30694580078125;
2438200000;-42.887428283691406;
2438400000;-44.825706481933594;
2438600000;-44.292198181152344;
2438800000;-44.390377044677734;
2439000000;-45.316204071044922;
2439200000;-45.157745361328125;
2439400000;-45.540309906005859;
2439600000;-45.452655792236328;
2439800000;-45.983642578125;
2440000000;-45.501876831054688;
2440200000;-46.536701202392578;
2440400000;-46.700897216796875;
2440600000;-46.318557739257813;
2440800000;-45.036323547363281;
2441000000;-46.105197906494141;
2441200000;-45.36083984375;
2441400000;-45.412967681884766;
2441600000;-44.083728790283203;
2441800000;-44.820987701416016;
2442000000;-43.716136932373047;
2442200000;-44.722446441650391;
2442400000;-43.423927307128906;
2442600000;-42.411186218261719;
2442800000;-42.785251617431641;
2443000000;-42.179512023925781;
2443200000;-43.201759338378906;
2443400000;-43.014747619628906;
2443600000;-42.885650634765625;
2443800000;-41.935623168945313;
2444000000;-42.500167846679688;
2444200000;-42.173805236816406;
2444400000;-41.776496887207031;
2444600000;-41.865203857421875;
2444800000;-42.251789093017578;
2445000000;-42.153316497802734;
2445200000;-41.828933715820312;
2445400000;-42.121128082275391;
2445600000;-42.4478759765625;
2445800000;-41.946186065673828;
2446000000;-42.152450561523438;
2446200000;-41.60247802734375;
2446400000;-42.501003265380859;
2446600000;-42.781524658203125;
2446800000;-42.475982666015625;
2447000000;-42.733795166015625;
2447200000;-42.645839691162109;
2447400000;-43.604698181152344;
2447600000;-42.616764068603516;
2447800000;-42.758800506591797;
2448000000;-42.769203186035156;
2448200000;-42.841484069824219;
2448400000;-42.804893493652344;
2448600000;-41.941581726074219;
2448800000;-43.100502014160156;
2449000000;-42.822822570800781;
2449200000;-42.453857421875;
2449400000;-43.521408081054687;
2449600000;-42.767562866210938;
2449800000;-42.824851989746094;
2450000000;-42.570541381835938;
2450200000;-42.460502624511719;
2450400000;-42.654232025146484;
2450600000;-42.792839050292969;
2450800000;-42.347259521484375;
2451000000;-42.456344604492187;
2451200000;-42.464553833007812;
2451400000;-42.178009033203125;
2451600000;-42.520614624023438;
2451800000;-41.875045776367188;
2452000000;-42.476402282714844;
2452200000;-41.970790863037109;
2452400000;-42.220943450927734;
2452600000;-42.152572631835938;
2452800000;-42.618896484375;
2453000000;-42.137294769287109;
2453200000;-42.091056823730469;
2453400000;-41.344234466552734;
2453600000;-42.604904174804688;
2453800000;-41.834388732910156;
2454000000;-42.012519836425781;
2454200000;-42.721458435058594;
2454400000;-41.719535827636719;
2454600000;-42.159038543701172;
2454800000;-42.029102325439453;
2455000000;-42.145282745361328;
2455200000;-41.95220947265625;
2455400000;-41.917160034179688;
2455600000;-41.827011108398438;
2455800000;-42.720802307128906;
2456000000;-41.820575714111328;
2456200000;-42.136745452880859;
2456400000;-42.402320861816406;
2456600000;-41.498283386230469;
2456800000;-42.256786346435547;
2457000000;-42.169517517089844;
2457200000;-41.974143981933594;
2457400000;-41.50103759765625;
2457600000;-41.954307556152344;
2457800000;-41.783111572265625;
2458000000;-42.0587158203125;
2458200000;-42.114448547363281;
2458400000;-42.055885314941406;
2458600000;-41.509174346923828;
2458800000;-41.421089172363281;
2459000000;-41.745285034179687;
2459200000;-41.886920928955078;
2459400000;-41.860305786132812;
2459600000;-41.994308471679688;
2459800000;-41.801795959472656;
2460000000;-42.275856018066406;
2460200000;-42.693527221679688;
2460400000;-42.936973571777344;
2460600000;-42.166282653808594;
2460800000;-42.627616882324219;
2461000000;-42.95135498046875;
2461200000;-43.288730621337891;
2461400000;-43.3165283203125;
2461600000;-44.15655517578125;
2461800000;-43.603317260742188;
2462000000;-43.885040283203125;
2462200000;-44.386993408203125;
2462400000;-44.161075592041016;
2462600000;-45.069541931152344;
2462800000;-44.45556640625;
2463000000;-45.035026550292969;
2463200000;-44.461822509765625;
2463400000;-44.936534881591797;
2463600000;-44.193603515625;
2463800000;-45.251655578613281;
2464000000;-44.259746551513672;
2464200000;-44.869064331054688;
2464400000;-45.174591064453125;
2464600000;-45.045501708984375;
2464800000;-44.8760986328125;
2465000000;-44.811042785644531;
2465200000;-44.073448181152344;
2465400000;-44.519981384277344;
2465600000;-44.397205352783203;
2465800000;-44.143741607666016;
2466000000;-45.656234741210938;
2466200000;-43.732406616210937;
2466400000;-44.934246063232422;
2466600000;-43.82611083984375;
2466800000;-43.585468292236328;
2467000000;-44.204437255859375;
2467200000;-43.475357055664062;
2467400000;-43.934169769287109;
2467600000;-43.569450378417969;
2467800000;-43.448249816894531;
2468000000;-43.623531341552734;
2468200000;-43.715175628662109;
2468400000;-43.746208190917969;
2468600000;-43.643230438232422;
2468800000;-44.647880554199219;
2469000000;-43.82635498046875;
2469200000;-43.836933135986328;
2469400000;-43.447952270507813;
2469600000;-44.637565612792969;
2469800000;-45.354209899902344;
2470000000;-44.780525207519531;
2470200000;-44.948509216308594;
2470400000;-44.97216796875;
2470600000;-45.334495544433594;
2470800000;-45.870204925537109;
2471000000;-45.875377655029297;
2471200000;-46.077228546142578;
2471400000;-45.715530395507812;
2471600000;-46.043193817138672;
2471800000;-46.057960510253906;
2472000000;-45.541587829589844;
2472200000;-45.766036987304688;
2472400000;-47.083545684814453;
2472600000;-45.164497375488281;
2472800000;-46.061256408691406;
2473000000;-45.596656799316406;
2473200000;-45.850833892822266;
2473400000;-47.062278747558594;
2473600000;-46.957992553710938;
2473800000;-47.223392486572266;
2474000000;-46.625534057617188;
2474200000;-45.447196960449219;
2474400000;-47.466400146484375;
2474600000;-46.079761505126953;
2474800000;-45.819042205810547;
2475000000;-45.537124633789063;
2475200000;-46.318347930908203;
2475400000;-46.242839813232422;
2475600000;-44.928581237792969;
2475800000;-45.012344360351562;
2476000000;-44.750526428222656;
2476200000;-45.079811096191406;
2476400000;-44.638053894042969;
2476600000;-44.996902465820313;
2476800000;-44.993362426757813;
2477000000;-44.36920166015625;
2477200000;-43.915153503417969;
2477400000;-44.552932739257813;
2477600000;-43.957511901855469;
2477800000;-43.868766784667969;
2478000000;-44.153179168701172;
2478200000;-44.675430297851563;
2478400000;-44.147815704345703;
2478600000;-44.16180419921875;
2478800000;-44.771011352539062;
2479000000;-44.450370788574219;
2479200000;-45.312824249267578;
2479400000;-44.986671447753906;
2479600000;-45.204158782958984;
2479800000;-44.478805541992188;
2480000000;-45.332015991210937;
2480200000;-45.662773132324219;
2480400000;-44.5804443359375;
2480600000;-45.321662902832031;
2480800000;-44.625480651855469;
2481000000;-45.8526611328125;
2481200000;-45.811813354492188;
2481400000;-46.339988708496094;
2481600000;-46.297740936279297;
2481800000;-47.061908721923828;
2482000000;-45.814826965332031;
2482200000;-46.337394714355469;
2482400000;-46.576385498046875;
2482600000;-46.039871215820312;
2482800000;-46.320030212402344;
2483000000;-46.487522125244141;
2483200000;-48.129814147949219;
2483400000;-47.377433776855469;
2483600000;-47.2642822265625;
2483800000;-47.753917694091797;
2484000000;-48.599525451660156;
2484200000;-48.652774810791016;
2484400000;-48.215858459472656;
2484600000;-48.276679992675781;
2484800000;-47.155937194824219;
2485000000;-47.622398376464844;
2485200000;-47.92529296875;
2485400000;-47.051559448242188;
2485600000;-48.060104370117188;
2485800000;-47.74981689453125;
2486000000;-46.408836364746094;
2486200000;-46.852859497070313;
2486400000;-47.459247589111328;
2486600000;-46.822006225585938;
2486800000;-46.608875274658203;
2487000000;-47.117790222167969;
2487200000;-46.920093536376953;
2487400000;-47.758193969726563;
2487600000;-46.266265869140625;
2487800000;-46.50823974609375;
2488000000;-46.643390655517578;
2488200000;-47.047599792480469;
2488400000;-46.148551940917969;
2488600000;-46.787124633789063;
2488800000;-44.931781768798828;
2489000000;-45.174617767333984;
2489200000;-44.94537353515625;
2489400000;-45.341285705566406;
2489600000;-45.026847839355469;
2489800000;-44.980728149414063;
2490000000;-44.490119934082031;
2490200000;-44.282978057861328;
2490400000;-44.927818298339844;
2490600000;-44.662006378173828;
2490800000;-44.251010894775391;
2491000000;-44.275917053222656;
2491200000;-45.247688293457031;
2491400000;-44.032180786132813;
2491600000;-44.905956268310547;
2491800000;-45.624542236328125;
2492000000;-46.133426666259766;
2492200000;-44.749107360839844;
2492400000;-45.246223449707031;
2492600000;-46.979034423828125;
2492800000;-46.278247833251953;
2493000000;-46.513809204101563;
2493200000;-46.224212646484375;
2493400000;-46.870723724365234;
2493600000;-49.387100219726563;
2493800000;-47.972251892089844;
2494000000;-48.299312591552734;
2494200000;-48.620925903320313;
2494400000;-49.604782104492188;
2494600000;-50.882694244384766;
2494800000;-50.575752258300781;
2495000000;-51.609794616699219;
2495200000;-52.671073913574219;
2495400000;-50.655757904052734;
2495600000;-55.112197875976562;
2495800000;-52.72296142578125;
2496000000;-54.861789703369141;
2496200000;-55.413616180419922;
2496400000;-54.291297912597656;
2496600000;-55.776954650878906;
2496800000;-57.117229461669922;
2497000000;-59.553520202636719;
2497200000;-58.503349304199219;
2497400000;-61.505485534667969;
2497600000;-59.065200805664063;
2497800000;-62.582443237304688;
2498000000;-60.388385772705078;
2498200000;-60.060737609863281;
2498400000;-55.921039581298828;
2498600000;-55.069782257080078;
2498800000;-54.058444976806641;
2499000000;-54.411037445068359;
2499200000;-53.085166931152344;
2499400000;-53.740932464599609;
2499600000;-50.016433715820312;
2499800000;-50.669132232666016;
2500000000;-49.53533935546875;
