Frequency [Hz]; Power [dBm];
2400000000;-36.963768005371094;
2400200000;-36.845310211181641;
2400400000;-36.162078857421875;
2400600000;-36.315155029296875;
2400800000;-36.252552032470703;
2401000000;-36.203048706054688;
2401200000;-35.815773010253906;
2401400000;-35.922863006591797;
2401600000;-35.736419677734375;
2401800000;-36.467849731445313;
2402000000;-35.8985595703125;
2402200000;-35.968238830566406;
2402400000;-35.777877807617188;
2402600000;-35.736915588378906;
2402800000;-35.980045318603516;
2403000000;-35.941108703613281;
2403200000;-36.239734649658203;
2403400000;-36.303577423095703;
2403600000;-36.555877685546875;
2403800000;-36.818992614746094;
2404000000;-36.834815979003906;
2404200000;-37.067726135253906;
2404400000;-38.057144165039062;
2404600000;-37.718620300292969;
2404800000;-37.945838928222656;
2405000000;-38.270515441894531;
2405200000;-38.168243408203125;
2405400000;-37.882591247558594;
2405600000;-38.283485412597656;
2405800000;-37.748752593994141;
2406000000;-37.831581115722656;
2406200000;-37.330726623535156;
2406400000;-37.039295196533203;
2406600000;-36.860851287841797;
2406800000;-36.568511962890625;
2407000000;-36.485431671142578;
2407200000;-35.961250305175781;
2407400000;-35.952983856201172;
2407600000;-35.603355407714844;
2407800000;-35.414051055908203;
2408000000;-35.280170440673828;
2408200000;-34.985950469970703;
2408400000;-35.190200805664063;
2408600000;-35.435050964355469;
2408800000;-34.895339965820312;
2409000000;-35.198280334472656;
2409200000;-35.499443054199219;
2409400000;-35.407196044921875;
2409600000;-35.439609527587891;
2409800000;-35.647140502929688;
2410000000;-35.700355529785156;
2410200000;-36.120964050292969;
2410400000;-36.192928314208984;
2410600000;-36.119575500488281;
2410800000;-36.78485107421875;
2411000000;-36.339015960693359;
2411200000;-36.60870361328125;
2411400000;-36.680313110351563;
2411600000;-36.590702056884766;
2411800000;-36.818634033203125;
2412000000;-36.503791809082031;
2412200000;-37.147293090820312;
2412400000;-37.558868408203125;
2412600000;-37.624855041503906;
2412800000;-37.685615539550781;
2413000000;-37.873577117919922;
2413200000;-38.382675170898437;
2413400000;-38.577239990234375;
2413600000;-38.417694091796875;
2413800000;-38.919517517089844;
2414000000;-38.867137908935547;
2414200000;-38.4954833984375;
2414400000;-38.099094390869141;
2414600000;-38.021514892578125;
2414800000;-37.987388610839844;
2415000000;-37.156116485595703;
2415200000;-36.871345520019531;
2415400000;-36.514328002929688;
2415600000;-36.254489898681641;
2415800000;-36.185222625732422;
2416000000;-36.127861022949219;
2416200000;-36.08233642578125;
2416400000;-36.240062713623047;
2416600000;-36.150840759277344;
2416800000;-36.348342895507813;
2417000000;-36.722976684570313;
2417200000;-36.705718994140625;
2417400000;-36.876636505126953;
2417600000;-37.088443756103516;
2417800000;-37.340232849121094;
2418000000;-37.478874206542969;
2418200000;-37.556304931640625;
2418400000;-37.196769714355469;
2418600000;-37.383705139160156;
2418800000;-37.470390319824219;
2419000000;-36.792106628417969;
2419200000;-36.820808410644531;
2419400000;-36.922611236572266;
2419600000;-37.152656555175781;
2419800000;-36.842597961425781;
2420000000;-36.943832397460938;
2420200000;-37.2799072265625;
2420400000;-37.547691345214844;
2420600000;-37.460899353027344;
2420800000;-37.754745483398437;
2421000000;-37.806831359863281;
2421200000;-38.148170471191406;
2421400000;-38.466217041015625;
2421600000;-38.152801513671875;
2421800000;-38.542472839355469;
2422000000;-38.490821838378906;
2422200000;-38.56134033203125;
2422400000;-38.713565826416016;
2422600000;-39.156196594238281;
2422800000;-38.757408142089844;
2423000000;-39.299144744873047;
2423200000;-38.952560424804688;
2423400000;-39.732997894287109;
2423600000;-39.642776489257813;
2423800000;-40.233047485351562;
2424000000;-40.006217956542969;
2424200000;-40.378631591796875;
2424400000;-40.298946380615234;
2424600000;-41.592643737792969;
2424800000;-40.981361389160156;
2425000000;-41.585041046142578;
2425200000;-41.0517578125;
2425400000;-41.420993804931641;
2425600000;-40.915695190429687;
2425800000;-41.991966247558594;
2426000000;-41.163528442382813;
2426200000;-41.500740051269531;
2426400000;-42.021759033203125;
2426600000;-41.734050750732422;
2426800000;-41.097763061523438;
2427000000;-41.299034118652344;
2427200000;-41.894683837890625;
2427400000;-41.96539306640625;
2427600000;-41.031955718994141;
2427800000;-41.134407043457031;
2428000000;-41.151870727539062;
2428200000;-41.261123657226563;
2428400000;-41.155063629150391;
2428600000;-40.783290863037109;
2428800000;-40.496444702148438;
2429000000;-40.852767944335938;
2429200000;-40.900009155273438;
2429400000;-41.509010314941406;
2429600000;-41.976009368896484;
2429800000;-42.180423736572266;
2430000000;-43.2354736328125;
2430200000;-42.97821044921875;
2430400000;-43.940299987792969;
2430600000;-44.375774383544922;
2430800000;-44.271617889404297;
2431000000;-44.190525054931641;
2431200000;-45.024257659912109;
2431400000;-45.760688781738281;
2431600000;-45.087867736816406;
2431800000;-44.337490081787109;
2432000000;-45.242721557617188;
2432200000;-46.047412872314453;
2432400000;-47.21441650390625;
2432600000;-47.230232238769531;
2432800000;-47.624000549316406;
2433000000;-48.412384033203125;
2433200000;-48.633186340332031;
2433400000;-46.915748596191406;
2433600000;-46.88726806640625;
2433800000;-44.62432861328125;
2434000000;-44.675712585449219;
2434200000;-43.614852905273438;
2434400000;-42.785923004150391;
2434600000;-41.809471130371094;
2434800000;-40.408287048339844;
2435000000;-40.386127471923828;
2435200000;-39.675918579101563;
2435400000;-39.351051330566406;
2435600000;-39.045368194580078;
2435800000;-38.708545684814453;
2436000000;-38.548835754394531;
2436200000;-38.6844482421875;
2436400000;-38.2601318359375;
2436600000;-38.42926025390625;
2436800000;-38.862709045410156;
2437000000;-38.612442016601563;
2437200000;-38.845527648925781;
2437400000;-38.712272644042969;
2437600000;-39.329963684082031;
2437800000;-39.260337829589844;
2438000000;-39.479957580566406;
2438200000;-39.762054443359375;
2438400000;-39.695487976074219;
2438600000;-39.820358276367188;
2438800000;-39.904048919677734;
2439000000;-40.398540496826172;
2439200000;-40.415107727050781;
2439400000;-40.778297424316406;
2439600000;-41.042919158935547;
2439800000;-41.833209991455078;
2440000000;-42.207786560058594;
2440200000;-43.277149200439453;
2440400000;-43.814620971679688;
2440600000;-44.339279174804687;
2440800000;-44.700218200683594;
2441000000;-43.897823333740234;
2441200000;-43.559715270996094;
2441400000;-43.422885894775391;
2441600000;-43.051364898681641;
2441800000;-41.632328033447266;
2442000000;-40.857685089111328;
2442200000;-40.088703155517578;
2442400000;-39.336654663085938;
2442600000;-39.032539367675781;
2442800000;-38.332393646240234;
2443000000;-37.898284912109375;
2443200000;-37.976585388183594;
2443400000;-37.461929321289063;
2443600000;-37.388969421386719;
2443800000;-37.110244750976562;
2444000000;-36.90234375;
2444200000;-36.95263671875;
2444400000;-36.847175598144531;
2444600000;-36.805488586425781;
2444800000;-37.127815246582031;
2445000000;-36.933727264404297;
2445200000;-36.989177703857422;
2445400000;-36.815444946289063;
2445600000;-37.114299774169922;
2445800000;-36.877468109130859;
2446000000;-36.81744384765625;
2446200000;-37.200019836425781;
2446400000;-37.556678771972656;
2446600000;-37.495635986328125;
2446800000;-37.514595031738281;
2447000000;-37.523696899414063;
2447200000;-37.67431640625;
2447400000;-37.982200622558594;
2447600000;-38.096622467041016;
2447800000;-38.123699188232422;
2448000000;-38.321037292480469;
2448200000;-38.304405212402344;
2448400000;-38.286567687988281;
2448600000;-38.753921508789063;
2448800000;-39.106796264648438;
2449000000;-39.495407104492188;
2449200000;-39.064727783203125;
2449400000;-39.648696899414063;
2449600000;-39.908103942871094;
2449800000;-39.420303344726563;
2450000000;-39.986579895019531;
2450200000;-40.031700134277344;
2450400000;-40.096424102783203;
2450600000;-39.935997009277344;
2450800000;-39.487663269042969;
2451000000;-39.236404418945312;
2451200000;-39.432327270507813;
2451400000;-38.854843139648437;
2451600000;-39.001167297363281;
2451800000;-39.074012756347656;
2452000000;-39.381423950195312;
2452200000;-39.668247222900391;
2452400000;-39.223007202148437;
2452600000;-39.645164489746094;
2452800000;-39.864528656005859;
2453000000;-40.353473663330078;
2453200000;-40.500724792480469;
2453400000;-40.376457214355469;
2453600000;-40.899635314941406;
2453800000;-40.640541076660156;
2454000000;-40.461814880371094;
2454200000;-40.512321472167969;
2454400000;-41.029464721679688;
2454600000;-40.238471984863281;
2454800000;-40.227489471435547;
2455000000;-40.891513824462891;
2455200000;-40.242424011230469;
2455400000;-40.077125549316406;
2455600000;-40.377128601074219;
2455800000;-41.020671844482422;
2456000000;-40.426959991455078;
2456200000;-40.441978454589844;
2456400000;-40.868446350097656;
2456600000;-41.016380310058594;
2456800000;-42.253669738769531;
2457000000;-41.612892150878906;
2457200000;-41.811569213867188;
2457400000;-42.110038757324219;
2457600000;-42.925338745117188;
2457800000;-41.802902221679688;
2458000000;-42.347911834716797;
2458200000;-42.041740417480469;
2458400000;-41.652175903320313;
2458600000;-41.855758666992188;
2458800000;-41.173065185546875;
2459000000;-40.943656921386719;
2459200000;-40.646396636962891;
2459400000;-40.982704162597656;
2459600000;-41.374855041503906;
2459800000;-41.424663543701172;
2460000000;-41.713577270507812;
2460200000;-41.553863525390625;
2460400000;-41.647392272949219;
2460600000;-42.082572937011719;
2460800000;-42.401771545410156;
2461000000;-42.990310668945313;
2461200000;-42.370697021484375;
2461400000;-41.694259643554688;
2461600000;-41.929008483886719;
2461800000;-40.868461608886719;
2462000000;-40.359214782714844;
2462200000;-40.864089965820312;
2462400000;-39.417484283447266;
2462600000;-39.503513336181641;
2462800000;-38.936744689941406;
2463000000;-39.308712005615234;
2463200000;-38.144889831542969;
2463400000;-39.369037628173828;
2463600000;-37.792938232421875;
2463800000;-38.376091003417969;
2464000000;-38.607776641845703;
2464200000;-38.710494995117188;
2464400000;-39.691524505615234;
2464600000;-38.5574951171875;
2464800000;-37.91357421875;
2465000000;-38.51153564453125;
2465200000;-38.892959594726563;
2465400000;-38.874946594238281;
2465600000;-38.954898834228516;
2465800000;-39.845005035400391;
2466000000;-39.506149291992188;
2466200000;-41.64068603515625;
2466400000;-39.270458221435547;
2466600000;-40.410835266113281;
2466800000;-39.256999969482422;
2467000000;-39.539237976074219;
2467200000;-41.640296936035156;
2467400000;-40.250514984130859;
2467600000;-40.791786193847656;
2467800000;-40.762458801269531;
2468000000;-41.193538665771484;
2468200000;-40.565311431884766;
2468400000;-41.444080352783203;
2468600000;-41.343772888183594;
2468800000;-40.847042083740234;
2469000000;-41.532035827636719;
2469200000;-41.505851745605469;
2469400000;-41.857177734375;
2469600000;-41.500099182128906;
2469800000;-40.946014404296875;
2470000000;-41.221916198730469;
2470200000;-40.414230346679688;
2470400000;-40.42510986328125;
2470600000;-39.923511505126953;
2470800000;-39.452430725097656;
2471000000;-39.485198974609375;
2471200000;-39.07122802734375;
2471400000;-38.996593475341797;
2471600000;-38.461700439453125;
2471800000;-38.441795349121094;
2472000000;-38.374237060546875;
2472200000;-38.656562805175781;
2472400000;-39.376846313476562;
2472600000;-39.256893157958984;
2472800000;-39.821979522705078;
2473000000;-40.207164764404297;
2473200000;-40.396572113037109;
2473400000;-40.6988525390625;
2473600000;-40.512187957763672;
2473800000;-40.697498321533203;
2474000000;-41.229934692382813;
2474200000;-41.610565185546875;
2474400000;-40.601051330566406;
2474600000;-41.391384124755859;
2474800000;-41.187461853027344;
2475000000;-42.257350921630859;
2475200000;-41.554878234863281;
2475400000;-42.54052734375;
2475600000;-43.349281311035156;
2475800000;-43.494266510009766;
2476000000;-43.620506286621094;
2476200000;-44.082405090332031;
2476400000;-44.960891723632812;
2476600000;-43.7947998046875;
2476800000;-44.767112731933594;
2477000000;-44.458656311035156;
2477200000;-44.390899658203125;
2477400000;-43.192432403564453;
2477600000;-42.905677795410156;
2477800000;-42.402618408203125;
2478000000;-41.800888061523438;
2478200000;-41.649169921875;
2478400000;-40.968482971191406;
2478600000;-41.078762054443359;
2478800000;-40.674461364746094;
2479000000;-40.350914001464844;
2479200000;-40.526863098144531;
2479400000;-40.442367553710938;
2479600000;-40.624431610107422;
2479800000;-41.118492126464844;
2480000000;-41.4224853515625;
2480200000;-41.449798583984375;
2480400000;-41.491783142089844;
2480600000;-42.430187225341797;
2480800000;-43.351516723632812;
2481000000;-43.000892639160156;
2481200000;-43.273056030273438;
2481400000;-43.841758728027344;
2481600000;-44.644001007080078;
2481800000;-44.542430877685547;
2482000000;-44.397994995117188;
2482200000;-44.084220886230469;
2482400000;-44.592514038085938;
2482600000;-44.001472473144531;
2482800000;-44.6749267578125;
2483000000;-44.565868377685547;
2483200000;-44.206893920898438;
2483400000;-44.813606262207031;
2483600000;-44.4439697265625;
2483800000;-44.523548126220703;
2484000000;-44.121246337890625;
2484200000;-44.662883758544922;
2484400000;-44.941055297851562;
2484600000;-44.525772094726562;
2484800000;-44.105155944824219;
2485000000;-43.752433776855469;
2485200000;-43.755386352539063;
2485400000;-43.433509826660156;
2485600000;-42.727058410644531;
2485800000;-42.329387664794922;
2486000000;-41.524730682373047;
2486200000;-41.270912170410156;
2486400000;-40.721149444580078;
2486600000;-40.879890441894531;
2486800000;-40.596385955810547;
2487000000;-40.026885986328125;
2487200000;-40.156284332275391;
2487400000;-40.223587036132813;
2487600000;-39.860160827636719;
2487800000;-39.869041442871094;
2488000000;-39.98681640625;
2488200000;-39.809310913085938;
2488400000;-39.430267333984375;
2488600000;-39.609336853027344;
2488800000;-40.034996032714844;
2489000000;-39.757526397705078;
2489200000;-39.911083221435547;
2489400000;-40.204151153564453;
2489600000;-40.166580200195312;
2489800000;-40.251884460449219;
2490000000;-40.283493041992187;
2490200000;-40.498355865478516;
2490400000;-39.82470703125;
2490600000;-39.974163055419922;
2490800000;-39.324371337890625;
2491000000;-39.859535217285156;
2491200000;-39.587730407714844;
2491400000;-39.622611999511719;
2491600000;-39.992420196533203;
2491800000;-39.746917724609375;
2492000000;-39.630661010742187;
2492200000;-40.349632263183594;
2492400000;-40.076053619384766;
2492600000;-40.531944274902344;
2492800000;-40.141220092773438;
2493000000;-40.397079467773437;
2493200000;-40.328392028808594;
2493400000;-40.211322784423828;
2493600000;-40.205001831054688;
2493800000;-39.887741088867188;
2494000000;-39.6058349609375;
2494200000;-39.874557495117187;
2494400000;-39.966850280761719;
2494600000;-39.240726470947266;
2494800000;-39.715621948242188;
2495000000;-39.532264709472656;
2495200000;-39.455429077148438;
2495400000;-39.943328857421875;
2495600000;-40.094902038574219;
2495800000;-40.401374816894531;
2496000000;-40.366081237792969;
2496200000;-41.003429412841797;
2496400000;-40.441177368164063;
2496600000;-40.288414001464844;
2496800000;-40.237026214599609;
2497000000;-39.596939086914063;
2497200000;-39.091194152832031;
2497400000;-38.927700042724609;
2497600000;-38.448005676269531;
2497800000;-38.464145660400391;
2498000000;-37.90478515625;
2498200000;-37.873725891113281;
2498400000;-37.226215362548828;
2498600000;-37.105342864990234;
2498800000;-36.939479827880859;
2499000000;-36.793807983398437;
2499200000;-36.844310760498047;
2499400000;-36.767101287841797;
2499600000;-37.012855529785156;
2499800000;-36.780529022216797;
2500000000;-36.704944610595703;
