Frequency [Hz]; Power [dBm];
2400000000;-44.373031616210938;
2400200000;-44.507301330566406;
2400400000;-44.475112915039063;
2400600000;-43.9173583984375;
2400800000;-43.850864410400391;
2401000000;-44.092704772949219;
2401200000;-43.276695251464844;
2401400000;-43.623321533203125;
2401600000;-43.182121276855469;
2401800000;-42.705764770507813;
2402000000;-42.399085998535156;
2402200000;-42.996498107910156;
2402400000;-42.053634643554688;
2402600000;-42.062110900878906;
2402800000;-42.096031188964844;
2403000000;-41.367721557617188;
2403200000;-41.763008117675781;
2403400000;-41.572196960449219;
2403600000;-42.64642333984375;
2403800000;-42.448757171630859;
2404000000;-42.448890686035156;
2404200000;-43.413925170898438;
2404400000;-43.404510498046875;
2404600000;-42.927970886230469;
2404800000;-45.358676910400391;
2405000000;-45.411880493164062;
2405200000;-45.653034210205078;
2405400000;-48.404525756835938;
2405600000;-48.39691162109375;
2405800000;-49.338340759277344;
2406000000;-50.929695129394531;
2406200000;-49.342632293701172;
2406400000;-51.113250732421875;
2406600000;-50.041168212890625;
2406800000;-49.020561218261719;
2407000000;-50.704059600830078;
2407200000;-49.932907104492188;
2407400000;-49.340797424316406;
2407600000;-49.119796752929688;
2407800000;-48.441993713378906;
2408000000;-49.781299591064453;
2408200000;-48.265144348144531;
2408400000;-47.812568664550781;
2408600000;-48.659088134765625;
2408800000;-48.416702270507813;
2409000000;-46.743278503417969;
2409200000;-48.586021423339844;
2409400000;-47.593353271484375;
2409600000;-47.244510650634766;
2409800000;-47.235221862792969;
2410000000;-46.883842468261719;
2410200000;-46.660121917724609;
2410400000;-46.378528594970703;
2410600000;-46.488594055175781;
2410800000;-47.116401672363281;
2411000000;-46.776226043701172;
2411200000;-46.737602233886719;
2411400000;-46.485870361328125;
2411600000;-45.865253448486328;
2411800000;-45.722743988037109;
2412000000;-46.653102874755859;
2412200000;-45.712165832519531;
2412400000;-45.541618347167969;
2412600000;-45.541934967041016;
2412800000;-45.747451782226563;
2413000000;-47.218593597412109;
2413200000;-46.448776245117188;
2413400000;-47.554908752441406;
2413600000;-47.396583557128906;
2413800000;-49.133377075195313;
2414000000;-49.482608795166016;
2414200000;-51.28350830078125;
2414400000;-50.834632873535156;
2414600000;-52.232467651367187;
2414800000;-52.10107421875;
2415000000;-53.835029602050781;
2415200000;-51.573375701904297;
2415400000;-53.982398986816406;
2415600000;-52.919830322265625;
2415800000;-51.151981353759766;
2416000000;-50.914939880371094;
2416200000;-50.0545654296875;
2416400000;-50.574420928955078;
2416600000;-50.753372192382813;
2416800000;-51.607254028320312;
2417000000;-53.254966735839844;
2417200000;-52.347900390625;
2417400000;-54.731319427490234;
2417600000;-54.669967651367187;
2417800000;-56.207122802734375;
2418000000;-60.219268798828125;
2418200000;-58.686798095703125;
2418400000;-57.411026000976562;
2418600000;-57.225883483886719;
2418800000;-57.796958923339844;
2419000000;-57.987007141113281;
2419200000;-55.197662353515625;
2419400000;-53.218517303466797;
2419600000;-51.962692260742187;
2419800000;-50.703208923339844;
2420000000;-51.556564331054688;
2420200000;-49.694377899169922;
2420400000;-50.198467254638672;
2420600000;-49.909263610839844;
2420800000;-50.390060424804687;
2421000000;-50.6600341796875;
2421200000;-49.976314544677734;
2421400000;-48.721637725830078;
2421600000;-49.199256896972656;
2421800000;-48.1767578125;
2422000000;-48.110710144042969;
2422200000;-48.406997680664062;
2422400000;-47.594814300537109;
2422600000;-47.270454406738281;
2422800000;-47.794601440429688;
2423000000;-48.838260650634766;
2423200000;-48.600822448730469;
2423400000;-47.266609191894531;
2423600000;-48.802223205566406;
2423800000;-48.930728912353516;
2424000000;-49.186634063720703;
2424200000;-49.232578277587891;
2424400000;-48.877452850341797;
2424600000;-50.650291442871094;
2424800000;-50.395130157470703;
2425000000;-48.323173522949219;
2425200000;-49.483894348144531;
2425400000;-49.537261962890625;
2425600000;-48.332626342773438;
2425800000;-46.61322021484375;
2426000000;-45.745834350585938;
2426200000;-44.6864013671875;
2426400000;-45.288043975830078;
2426600000;-43.509544372558594;
2426800000;-44.175758361816406;
2427000000;-43.189720153808594;
2427200000;-42.688491821289063;
2427400000;-42.421096801757813;
2427600000;-42.467475891113281;
2427800000;-42.164939880371094;
2428000000;-42.253860473632813;
2428200000;-42.050254821777344;
2428400000;-41.596084594726562;
2428600000;-41.638168334960938;
2428800000;-41.153884887695313;
2429000000;-41.628231048583984;
2429200000;-41.162361145019531;
2429400000;-41.776103973388672;
2429600000;-41.104351043701172;
2429800000;-41.328571319580078;
2430000000;-41.620376586914063;
2430200000;-41.546112060546875;
2430400000;-41.536205291748047;
2430600000;-41.560691833496094;
2430800000;-42.088100433349609;
2431000000;-42.784343719482422;
2431200000;-41.935070037841797;
2431400000;-42.065048217773438;
2431600000;-41.638664245605469;
2431800000;-42.202850341796875;
2432000000;-42.769363403320313;
2432200000;-42.133079528808594;
2432400000;-42.111186981201172;
2432600000;-42.577617645263672;
2432800000;-42.678806304931641;
2433000000;-43.661445617675781;
2433200000;-43.656181335449219;
2433400000;-44.290473937988281;
2433600000;-44.345733642578125;
2433800000;-45.397796630859375;
2434000000;-45.361701965332031;
2434200000;-45.530128479003906;
2434400000;-44.916912078857422;
2434600000;-45.221336364746094;
2434800000;-43.826366424560547;
2435000000;-43.217048645019531;
2435200000;-43.41400146484375;
2435400000;-42.948642730712891;
2435600000;-42.138458251953125;
2435800000;-41.633235931396484;
2436000000;-40.808429718017578;
2436200000;-40.788772583007813;
2436400000;-40.058334350585937;
2436600000;-40.307170867919922;
2436800000;-40.018630981445313;
2437000000;-39.4698486328125;
2437200000;-39.218936920166016;
2437400000;-39.849327087402344;
2437600000;-39.719154357910156;
2437800000;-39.550769805908203;
2438000000;-40.008438110351563;
2438200000;-39.797164916992187;
2438400000;-39.892097473144531;
2438600000;-39.451507568359375;
2438800000;-39.240619659423828;
2439000000;-39.177345275878906;
2439200000;-39.048934936523438;
2439400000;-39.411849975585937;
2439600000;-39.115009307861328;
2439800000;-38.594375610351563;
2440000000;-38.652412414550781;
2440200000;-39.378215789794922;
2440400000;-39.101387023925781;
2440600000;-39.517955780029297;
2440800000;-39.764057159423828;
2441000000;-40.50628662109375;
2441200000;-40.512260437011719;
2441400000;-40.765274047851563;
2441600000;-41.505477905273438;
2441800000;-41.521541595458984;
2442000000;-42.442901611328125;
2442200000;-41.530246734619141;
2442400000;-41.528099060058594;
2442600000;-40.921600341796875;
2442800000;-41.024009704589844;
2443000000;-40.122787475585938;
2443200000;-40.758209228515625;
2443400000;-40.29620361328125;
2443600000;-39.499717712402344;
2443800000;-39.165229797363281;
2444000000;-39.009902954101563;
2444200000;-39.114593505859375;
2444400000;-39.641777038574219;
2444600000;-39.432746887207031;
2444800000;-39.170372009277344;
2445000000;-39.175437927246094;
2445200000;-39.239982604980469;
2445400000;-39.393089294433594;
2445600000;-39.381568908691406;
2445800000;-39.102596282958984;
2446000000;-38.931838989257813;
2446200000;-38.363998413085937;
2446400000;-38.728977203369141;
2446600000;-38.031242370605469;
2446800000;-37.813297271728516;
2447000000;-38.148963928222656;
2447200000;-37.533340454101563;
2447400000;-37.492477416992188;
2447600000;-36.961383819580078;
2447800000;-36.934978485107422;
2448000000;-36.773910522460938;
2448200000;-36.248779296875;
2448400000;-36.450332641601563;
2448600000;-36.452125549316406;
2448800000;-36.431037902832031;
2449000000;-36.266563415527344;
2449200000;-36.247039794921875;
2449400000;-36.431129455566406;
2449600000;-36.2808837890625;
2449800000;-36.62420654296875;
2450000000;-36.498100280761719;
2450200000;-36.834373474121094;
2450400000;-37.038700103759766;
2450600000;-36.963706970214844;
2450800000;-36.897186279296875;
2451000000;-37.139541625976563;
2451200000;-37.129348754882813;
2451400000;-36.815086364746094;
2451600000;-37.159782409667969;
2451800000;-37.335380554199219;
2452000000;-37.077667236328125;
2452200000;-37.057640075683594;
2452400000;-37.34124755859375;
2452600000;-36.8309326171875;
2452800000;-37.000011444091797;
2453000000;-36.587841033935547;
2453200000;-37.022392272949219;
2453400000;-37.018043518066406;
2453600000;-36.808113098144531;
2453800000;-36.82623291015625;
2454000000;-37.012382507324219;
2454200000;-36.730949401855469;
2454400000;-36.508319854736328;
2454600000;-36.837726593017578;
2454800000;-36.649013519287109;
2455000000;-36.618095397949219;
2455200000;-36.620895385742188;
2455400000;-36.311492919921875;
2455600000;-36.353294372558594;
2455800000;-36.542552947998047;
2456000000;-35.9207763671875;
2456200000;-35.967273712158203;
2456400000;-35.676498413085937;
2456600000;-36.168861389160156;
2456800000;-35.829784393310547;
2457000000;-35.896842956542969;
2457200000;-36.064422607421875;
2457400000;-35.879867553710937;
2457600000;-36.336196899414063;
2457800000;-36.221275329589844;
2458000000;-36.326019287109375;
2458200000;-36.804550170898437;
2458400000;-36.770721435546875;
2458600000;-37.327911376953125;
2458800000;-37.729278564453125;
2459000000;-38.410541534423828;
2459200000;-38.737888336181641;
2459400000;-38.790122985839844;
2459600000;-38.542739868164063;
2459800000;-38.769184112548828;
2460000000;-39.100898742675781;
2460200000;-39.421791076660156;
2460400000;-39.082267761230469;
2460600000;-39.437362670898437;
2460800000;-39.562751770019531;
2461000000;-39.416183471679688;
2461200000;-39.682792663574219;
2461400000;-40.085258483886719;
2461600000;-39.732429504394531;
2461800000;-40.184677124023438;
2462000000;-40.703861236572266;
2462200000;-41.1697998046875;
2462400000;-41.212154388427734;
2462600000;-41.356452941894531;
2462800000;-41.548965454101563;
2463000000;-41.048896789550781;
2463200000;-41.248336791992188;
2463400000;-41.308570861816406;
2463600000;-41.28338623046875;
2463800000;-40.701667785644531;
2464000000;-40.388050079345703;
2464200000;-40.037055969238281;
2464400000;-40.296161651611328;
2464600000;-39.576313018798828;
2464800000;-40.384162902832031;
2465000000;-40.360671997070313;
2465200000;-40.298469543457031;
2465400000;-40.474632263183594;
2465600000;-40.607696533203125;
2465800000;-40.513900756835937;
2466000000;-40.7327880859375;
2466200000;-40.375663757324219;
2466400000;-40.905239105224609;
2466600000;-40.894271850585937;
2466800000;-41.248531341552734;
2467000000;-41.923072814941406;
2467200000;-41.334785461425781;
2467400000;-41.283016204833984;
2467600000;-41.899169921875;
2467800000;-41.506851196289063;
2468000000;-41.707496643066406;
2468200000;-41.760650634765625;
2468400000;-41.153854370117188;
2468600000;-41.450069427490234;
2468800000;-41.557979583740234;
2469000000;-41.382774353027344;
2469200000;-41.737033843994141;
2469400000;-41.041954040527344;
2469600000;-41.271476745605469;
2469800000;-41.308494567871094;
2470000000;-42.061668395996094;
2470200000;-41.22137451171875;
2470400000;-41.421501159667969;
2470600000;-41.705169677734375;
2470800000;-41.366153717041016;
2471000000;-41.408611297607422;
2471200000;-41.723129272460938;
2471400000;-41.924118041992188;
2471600000;-41.833507537841797;
2471800000;-41.729133605957031;
2472000000;-41.986690521240234;
2472200000;-41.480072021484375;
2472400000;-42.362560272216797;
2472600000;-41.749458312988281;
2472800000;-42.855712890625;
2473000000;-42.131649017333984;
2473200000;-43.348712921142578;
2473400000;-42.436759948730469;
2473600000;-42.515670776367188;
2473800000;-42.509960174560547;
2474000000;-43.097053527832031;
2474200000;-42.609123229980469;
2474400000;-43.848686218261719;
2474600000;-43.899921417236328;
2474800000;-43.244056701660156;
2475000000;-43.061618804931641;
2475200000;-43.040264129638672;
2475400000;-42.661830902099609;
2475600000;-43.544723510742187;
2475800000;-42.842761993408203;
2476000000;-43.421913146972656;
2476200000;-43.528526306152344;
2476400000;-43.120899200439453;
2476600000;-42.191841125488281;
2476800000;-41.533985137939453;
2477000000;-42.068702697753906;
2477200000;-41.637214660644531;
2477400000;-41.032386779785156;
2477600000;-41.377777099609375;
2477800000;-41.188545227050781;
2478000000;-41.125301361083984;
2478200000;-40.24090576171875;
2478400000;-41.343578338623047;
2478600000;-41.329391479492187;
2478800000;-42.412094116210937;
2479000000;-41.820098876953125;
2479200000;-42.204383850097656;
2479400000;-41.959197998046875;
2479600000;-42.382678985595703;
2479800000;-42.646202087402344;
2480000000;-42.685615539550781;
2480200000;-42.854194641113281;
2480400000;-42.184700012207031;
2480600000;-41.567859649658203;
2480800000;-42.139755249023438;
2481000000;-41.838920593261719;
2481200000;-42.037776947021484;
2481400000;-41.408271789550781;
2481600000;-41.801723480224609;
2481800000;-42.706897735595703;
2482000000;-42.552742004394531;
2482200000;-42.363243103027344;
2482400000;-43.065879821777344;
2482600000;-42.914009094238281;
2482800000;-42.982460021972656;
2483000000;-43.557483673095703;
2483200000;-43.642204284667969;
2483400000;-43.423690795898438;
2483600000;-42.896007537841797;
2483800000;-42.883384704589844;
2484000000;-42.753318786621094;
2484200000;-42.525699615478516;
2484400000;-41.679183959960938;
2484600000;-41.63037109375;
2484800000;-41.012367248535156;
2485000000;-40.763320922851563;
2485200000;-40.771400451660156;
2485400000;-40.709091186523438;
2485600000;-40.281166076660156;
2485800000;-40.522499084472656;
2486000000;-40.061164855957031;
2486200000;-40.295669555664063;
2486400000;-40.780399322509766;
2486600000;-40.113456726074219;
2486800000;-40.244583129882812;
2487000000;-40.397865295410156;
2487200000;-40.207313537597656;
2487400000;-40.232585906982422;
2487600000;-40.050048828125;
2487800000;-40.406303405761719;
2488000000;-40.928634643554688;
2488200000;-40.918663024902344;
2488400000;-40.857131958007812;
2488600000;-41.243789672851563;
2488800000;-41.113052368164062;
2489000000;-40.950286865234375;
2489200000;-41.520694732666016;
2489400000;-41.117733001708984;
2489600000;-41.355667114257813;
2489800000;-41.211677551269531;
2490000000;-40.78460693359375;
2490200000;-40.931388854980469;
2490400000;-40.680061340332031;
2490600000;-40.395889282226562;
2490800000;-40.593223571777344;
2491000000;-40.10162353515625;
2491200000;-40.031314849853516;
2491400000;-39.323150634765625;
2491600000;-38.996654510498047;
2491800000;-39.089286804199219;
2492000000;-38.456962585449219;
2492200000;-37.987106323242187;
2492400000;-37.876304626464844;
2492600000;-37.950843811035156;
2492800000;-37.662647247314453;
2493000000;-37.635452270507813;
2493200000;-37.74951171875;
2493400000;-37.853580474853516;
2493600000;-37.887062072753906;
2493800000;-37.941192626953125;
2494000000;-37.929401397705078;
2494200000;-38.578598022460938;
2494400000;-38.788780212402344;
2494600000;-39.032600402832031;
2494800000;-39.339630126953125;
2495000000;-39.857315063476563;
2495200000;-40.082489013671875;
2495400000;-40.431385040283203;
2495600000;-41.262420654296875;
2495800000;-41.554519653320313;
2496000000;-42.272727966308594;
2496200000;-42.154167175292969;
2496400000;-42.715133666992188;
2496600000;-43.144538879394531;
2496800000;-43.556602478027344;
2497000000;-43.782943725585938;
2497200000;-43.482418060302734;
2497400000;-43.470901489257813;
2497600000;-42.93927001953125;
2497800000;-42.980670928955078;
2498000000;-41.981132507324219;
2498200000;-41.939243316650391;
2498400000;-42.629447937011719;
2498600000;-41.457180023193359;
2498800000;-41.391845703125;
2499000000;-41.580764770507813;
2499200000;-41.373249053955078;
2499400000;-40.888591766357422;
2499600000;-41.280433654785156;
2499800000;-41.088939666748047;
2500000000;-40.578426361083984;
