Frequency [Hz]; Power [dBm];
2400000000;-32.790565490722656;
2400200000;-32.437736511230469;
2400400000;-32.3525390625;
2400600000;-32.230598449707031;
2400800000;-32.373523712158203;
2401000000;-32.331085205078125;
2401200000;-32.212448120117188;
2401400000;-32.058097839355469;
2401600000;-32.209419250488281;
2401800000;-32.090316772460938;
2402000000;-31.93408203125;
2402200000;-31.932008743286133;
2402400000;-31.911832809448242;
2402600000;-31.942590713500977;
2402800000;-31.752971649169922;
2403000000;-31.891595840454102;
2403200000;-31.925617218017578;
2403400000;-31.683452606201172;
2403600000;-31.815816879272461;
2403800000;-32.127262115478516;
2404000000;-32.044197082519531;
2404200000;-32.073745727539062;
2404400000;-31.98963737487793;
2404600000;-32.197395324707031;
2404800000;-32.216049194335938;
2405000000;-32.383255004882812;
2405200000;-32.614570617675781;
2405400000;-32.369155883789063;
2405600000;-32.579116821289063;
2405800000;-32.611843109130859;
2406000000;-32.79486083984375;
2406200000;-32.506378173828125;
2406400000;-32.546318054199219;
2406600000;-32.746486663818359;
2406800000;-32.642158508300781;
2407000000;-32.67620849609375;
2407200000;-32.379859924316406;
2407400000;-32.535350799560547;
2407600000;-32.436470031738281;
2407800000;-32.314792633056641;
2408000000;-32.561042785644531;
2408200000;-32.349231719970703;
2408400000;-32.36920166015625;
2408600000;-32.504947662353516;
2408800000;-32.231758117675781;
2409000000;-32.444038391113281;
2409200000;-32.066715240478516;
2409400000;-32.289520263671875;
2409600000;-32.192089080810547;
2409800000;-31.855916976928711;
2410000000;-32.087936401367188;
2410200000;-31.929611206054688;
2410400000;-31.997463226318359;
2410600000;-32.017623901367188;
2410800000;-31.907344818115234;
2411000000;-31.958267211914063;
2411200000;-31.822029113769531;
2411400000;-31.79438591003418;
2411600000;-32.005508422851562;
2411800000;-31.781288146972656;
2412000000;-31.589344024658203;
2412200000;-31.698890686035156;
2412400000;-31.70771598815918;
2412600000;-31.49188232421875;
2412800000;-31.661203384399414;
2413000000;-31.476680755615234;
2413200000;-31.53203010559082;
2413400000;-31.62571907043457;
2413600000;-31.782524108886719;
2413800000;-31.672321319580078;
2414000000;-31.822731018066406;
2414200000;-32.0081787109375;
2414400000;-31.737785339355469;
2414600000;-32.216903686523438;
2414800000;-32.207542419433594;
2415000000;-32.522487640380859;
2415200000;-32.470256805419922;
2415400000;-32.787216186523438;
2415600000;-32.747501373291016;
2415800000;-32.887210845947266;
2416000000;-32.967933654785156;
2416200000;-32.730392456054687;
2416400000;-33.094131469726562;
2416600000;-33.267539978027344;
2416800000;-33.231513977050781;
2417000000;-33.484931945800781;
2417200000;-33.548175811767578;
2417400000;-33.727230072021484;
2417600000;-33.799655914306641;
2417800000;-33.689048767089844;
2418000000;-34.145721435546875;
2418200000;-33.894721984863281;
2418400000;-34.153800964355469;
2418600000;-34.129417419433594;
2418800000;-34.382850646972656;
2419000000;-34.328376770019531;
2419200000;-34.480819702148437;
2419400000;-34.533466339111328;
2419600000;-34.461994171142578;
2419800000;-34.570289611816406;
2420000000;-34.704887390136719;
2420200000;-34.581241607666016;
2420400000;-34.666530609130859;
2420600000;-34.357467651367188;
2420800000;-34.528984069824219;
2421000000;-34.5458984375;
2421200000;-34.428703308105469;
2421400000;-34.484676361083984;
2421600000;-34.418586730957031;
2421800000;-34.667808532714844;
2422000000;-34.827537536621094;
2422200000;-34.605148315429688;
2422400000;-34.482337951660156;
2422600000;-34.658828735351562;
2422800000;-34.931648254394531;
2423000000;-34.512855529785156;
2423200000;-34.618438720703125;
2423400000;-34.816509246826172;
2423600000;-34.829742431640625;
2423800000;-34.812202453613281;
2424000000;-34.729808807373047;
2424200000;-34.947605133056641;
2424400000;-34.866668701171875;
2424600000;-34.965442657470703;
2424800000;-35.003311157226563;
2425000000;-34.994697570800781;
2425200000;-35.080162048339844;
2425400000;-34.905342102050781;
2425600000;-35.024459838867188;
2425800000;-34.921180725097656;
2426000000;-34.967697143554688;
2426200000;-35.013637542724609;
2426400000;-35.344741821289063;
2426600000;-35.531082153320313;
2426800000;-35.611434936523438;
2427000000;-36.0645751953125;
2427200000;-36.133331298828125;
2427400000;-36.240119934082031;
2427600000;-36.726791381835938;
2427800000;-36.762748718261719;
2428000000;-37.107917785644531;
2428200000;-37.1461181640625;
2428400000;-37.452285766601563;
2428600000;-37.446178436279297;
2428800000;-37.545127868652344;
2429000000;-37.520107269287109;
2429200000;-37.658653259277344;
2429400000;-37.508407592773437;
2429600000;-37.682334899902344;
2429800000;-37.853427886962891;
2430000000;-37.961677551269531;
2430200000;-37.759735107421875;
2430400000;-38.029247283935547;
2430600000;-37.872058868408203;
2430800000;-38.150718688964844;
2431000000;-38.049427032470703;
2431200000;-38.208229064941406;
2431400000;-38.142658233642578;
2431600000;-38.962814331054687;
2431800000;-39.243377685546875;
2432000000;-39.052177429199219;
2432200000;-39.09918212890625;
2432400000;-39.340347290039063;
2432600000;-39.080436706542969;
2432800000;-39.063060760498047;
2433000000;-39.112091064453125;
2433200000;-39.157375335693359;
2433400000;-39.434383392333984;
2433600000;-38.683372497558594;
2433800000;-38.761314392089844;
2434000000;-38.855422973632812;
2434200000;-38.5096435546875;
2434400000;-38.686355590820313;
2434600000;-38.803192138671875;
2434800000;-37.927314758300781;
2435000000;-37.947090148925781;
2435200000;-38.202964782714844;
2435400000;-37.959953308105469;
2435600000;-37.997787475585937;
2435800000;-37.640949249267578;
2436000000;-37.897270202636719;
2436200000;-38.228302001953125;
2436400000;-38.136619567871094;
2436600000;-37.451690673828125;
2436800000;-37.557289123535156;
2437000000;-37.37640380859375;
2437200000;-37.295482635498047;
2437400000;-37.000518798828125;
2437600000;-37.13458251953125;
2437800000;-37.155742645263672;
2438000000;-37.55316162109375;
2438200000;-36.971328735351563;
2438400000;-37.121810913085938;
2438600000;-37.391220092773438;
2438800000;-37.357192993164062;
2439000000;-37.329475402832031;
2439200000;-37.17779541015625;
2439400000;-36.976806640625;
2439600000;-37.304527282714844;
2439800000;-37.127292633056641;
2440000000;-37.27874755859375;
2440200000;-36.965900421142578;
2440400000;-37.040725708007812;
2440600000;-36.772602081298828;
2440800000;-37.040874481201172;
2441000000;-36.798366546630859;
2441200000;-36.595680236816406;
2441400000;-36.513984680175781;
2441600000;-36.371517181396484;
2441800000;-36.141124725341797;
2442000000;-35.921375274658203;
2442200000;-35.999595642089844;
2442400000;-35.809963226318359;
2442600000;-35.582450866699219;
2442800000;-35.759414672851562;
2443000000;-35.4715576171875;
2443200000;-35.545356750488281;
2443400000;-35.408340454101563;
2443600000;-35.490859985351562;
2443800000;-35.438430786132813;
2444000000;-34.879158020019531;
2444200000;-35.136405944824219;
2444400000;-35.033515930175781;
2444600000;-35.5692138671875;
2444800000;-35.135360717773438;
2445000000;-34.98541259765625;
2445200000;-35.050594329833984;
2445400000;-34.631183624267578;
2445600000;-34.896743774414063;
2445800000;-34.722621917724609;
2446000000;-34.673515319824219;
2446200000;-34.338912963867188;
2446400000;-34.682460784912109;
2446600000;-34.429924011230469;
2446800000;-34.589248657226562;
2447000000;-34.35321044921875;
2447200000;-34.570365905761719;
2447400000;-34.528327941894531;
2447600000;-34.404483795166016;
2447800000;-34.521171569824219;
2448000000;-34.649703979492188;
2448200000;-34.761474609375;
2448400000;-34.587310791015625;
2448600000;-34.670303344726563;
2448800000;-34.8214111328125;
2449000000;-34.771354675292969;
2449200000;-34.868888854980469;
2449400000;-34.709793090820312;
2449600000;-34.689498901367188;
2449800000;-34.576324462890625;
2450000000;-34.920814514160156;
2450200000;-34.771278381347656;
2450400000;-34.559696197509766;
2450600000;-34.858924865722656;
2450800000;-34.548820495605469;
2451000000;-34.534149169921875;
2451200000;-34.522945404052734;
2451400000;-34.457775115966797;
2451600000;-34.32366943359375;
2451800000;-34.454139709472656;
2452000000;-34.400566101074219;
2452200000;-34.635997772216797;
2452400000;-34.374187469482422;
2452600000;-34.333251953125;
2452800000;-34.253093719482422;
2453000000;-34.460517883300781;
2453200000;-34.425346374511719;
2453400000;-34.351985931396484;
2453600000;-34.627754211425781;
2453800000;-34.341705322265625;
2454000000;-34.372089385986328;
2454200000;-34.945785522460937;
2454400000;-34.559963226318359;
2454600000;-34.871574401855469;
2454800000;-34.643341064453125;
2455000000;-34.863018035888672;
2455200000;-35.200767517089844;
2455400000;-35.221572875976563;
2455600000;-35.497909545898437;
2455800000;-35.231468200683594;
2456000000;-35.505847930908203;
2456200000;-35.705451965332031;
2456400000;-35.987289428710937;
2456600000;-35.750030517578125;
2456800000;-35.952358245849609;
2457000000;-36.099342346191406;
2457200000;-36.644943237304687;
2457400000;-36.45751953125;
2457600000;-36.760337829589844;
2457800000;-36.773857116699219;
2458000000;-37.006179809570313;
2458200000;-37.261428833007813;
2458400000;-37.377449035644531;
2458600000;-37.169960021972656;
2458800000;-37.637359619140625;
2459000000;-38.310726165771484;
2459200000;-37.663810729980469;
2459400000;-37.886573791503906;
2459600000;-38.012481689453125;
2459800000;-38.168212890625;
2460000000;-37.514457702636719;
2460200000;-37.801170349121094;
2460400000;-38.045509338378906;
2460600000;-37.705078125;
2460800000;-37.841705322265625;
2461000000;-37.876304626464844;
2461200000;-38.031021118164062;
2461400000;-37.677085876464844;
2461600000;-37.516647338867188;
2461800000;-38.021514892578125;
2462000000;-37.606899261474609;
2462200000;-37.721603393554687;
2462400000;-37.450706481933594;
2462600000;-37.753673553466797;
2462800000;-37.652130126953125;
2463000000;-37.480751037597656;
2463200000;-37.344482421875;
2463400000;-37.224830627441406;
2463600000;-37.299072265625;
2463800000;-36.940643310546875;
2464000000;-36.732959747314453;
2464200000;-36.949371337890625;
2464400000;-36.711368560791016;
2464600000;-36.329387664794922;
2464800000;-36.464065551757813;
2465000000;-36.467575073242188;
2465200000;-36.241996765136719;
2465400000;-36.121665954589844;
2465600000;-36.159561157226563;
2465800000;-36.115283966064453;
2466000000;-36.13153076171875;
2466200000;-36.232566833496094;
2466400000;-36.297840118408203;
2466600000;-36.458534240722656;
2466800000;-36.598941802978516;
2467000000;-36.797325134277344;
2467200000;-36.993026733398438;
2467400000;-36.746448516845703;
2467600000;-37.331172943115234;
2467800000;-37.139945983886719;
2468000000;-37.156455993652344;
2468200000;-37.250209808349609;
2468400000;-37.626121520996094;
2468600000;-37.883800506591797;
2468800000;-37.634498596191406;
2469000000;-37.955970764160156;
2469200000;-37.969043731689453;
2469400000;-38.142234802246094;
2469600000;-38.220565795898437;
2469800000;-38.461212158203125;
2470000000;-38.785888671875;
2470200000;-38.628280639648438;
2470400000;-38.971855163574219;
2470600000;-38.969131469726563;
2470800000;-39.137271881103516;
2471000000;-39.508464813232422;
2471200000;-39.412059783935547;
2471400000;-39.955909729003906;
2471600000;-39.897533416748047;
2471800000;-40.132057189941406;
2472000000;-40.045860290527344;
2472200000;-40.524688720703125;
2472400000;-40.382221221923828;
2472600000;-40.103366851806641;
2472800000;-40.699718475341797;
2473000000;-40.945461273193359;
2473200000;-40.322284698486328;
2473400000;-41.369583129882812;
2473600000;-40.817089080810547;
2473800000;-40.362358093261719;
2474000000;-41.297286987304688;
2474200000;-41.456954956054687;
2474400000;-42.531509399414063;
2474600000;-41.678970336914063;
2474800000;-41.059314727783203;
2475000000;-41.754928588867188;
2475200000;-42.526561737060547;
2475400000;-42.506427764892578;
2475600000;-42.38360595703125;
2475800000;-42.714569091796875;
2476000000;-43.046894073486328;
2476200000;-43.300880432128906;
2476400000;-43.610282897949219;
2476600000;-43.814247131347656;
2476800000;-43.321681976318359;
2477000000;-43.9288330078125;
2477200000;-43.881904602050781;
2477400000;-44.5946044921875;
2477600000;-44.549179077148438;
2477800000;-43.922454833984375;
2478000000;-44.614917755126953;
2478200000;-44.230133056640625;
2478400000;-43.731735229492188;
2478600000;-45.753715515136719;
2478800000;-44.678726196289063;
2479000000;-44.326431274414063;
2479200000;-45.919216156005859;
2479400000;-45.502738952636719;
2479600000;-45.576580047607422;
2479800000;-45.103042602539063;
2480000000;-45.99383544921875;
2480200000;-46.049552917480469;
2480400000;-44.651931762695313;
2480600000;-45.257652282714844;
2480800000;-45.99237060546875;
2481000000;-46.283195495605469;
2481200000;-45.849922180175781;
2481400000;-46.55810546875;
2481600000;-46.072322845458984;
2481800000;-45.389629364013672;
2482000000;-45.204719543457031;
2482200000;-46.256401062011719;
2482400000;-44.989006042480469;
2482600000;-43.744728088378906;
2482800000;-44.100257873535156;
2483000000;-44.422954559326172;
2483200000;-44.413475036621094;
2483400000;-44.102210998535156;
2483600000;-43.682929992675781;
2483800000;-44.025981903076172;
2484000000;-42.683265686035156;
2484200000;-43.657508850097656;
2484400000;-42.903861999511719;
2484600000;-42.181373596191406;
2484800000;-42.68328857421875;
2485000000;-42.799468994140625;
2485200000;-42.5782470703125;
2485400000;-42.349296569824219;
2485600000;-42.121528625488281;
2485800000;-41.879707336425781;
2486000000;-41.702129364013672;
2486200000;-42.282279968261719;
2486400000;-42.109951019287109;
2486600000;-41.258087158203125;
2486800000;-41.818740844726563;
2487000000;-41.976425170898437;
2487200000;-41.543167114257813;
2487400000;-41.814689636230469;
2487600000;-41.917976379394531;
2487800000;-41.739418029785156;
2488000000;-41.381832122802734;
2488200000;-41.357231140136719;
2488400000;-41.459068298339844;
2488600000;-41.0989990234375;
2488800000;-40.652267456054688;
2489000000;-40.740715026855469;
2489200000;-40.498104095458984;
2489400000;-40.276340484619141;
2489600000;-40.36322021484375;
2489800000;-40.067634582519531;
2490000000;-39.908699035644531;
2490200000;-39.528072357177734;
2490400000;-39.786705017089844;
2490600000;-39.599411010742188;
2490800000;-39.252872467041016;
2491000000;-38.927459716796875;
2491200000;-39.468643188476562;
2491400000;-38.55926513671875;
2491600000;-38.944019317626953;
2491800000;-38.855720520019531;
2492000000;-38.514888763427734;
2492200000;-38.939399719238281;
2492400000;-38.520820617675781;
2492600000;-38.928642272949219;
2492800000;-38.425457000732422;
2493000000;-38.833770751953125;
2493200000;-38.814949035644531;
2493400000;-38.562503814697266;
2493600000;-38.975135803222656;
2493800000;-38.409065246582031;
2494000000;-38.764339447021484;
2494200000;-38.576148986816406;
2494400000;-38.848358154296875;
2494600000;-39.169300079345703;
2494800000;-38.907882690429688;
2495000000;-38.982719421386719;
2495200000;-39.083747863769531;
2495400000;-38.924705505371094;
2495600000;-39.157020568847656;
2495800000;-39.482208251953125;
2496000000;-39.111579895019531;
2496200000;-39.663719177246094;
2496400000;-39.284629821777344;
2496600000;-39.48529052734375;
2496800000;-39.682300567626953;
2497000000;-40.316566467285156;
2497200000;-39.736858367919922;
2497400000;-40.128421783447266;
2497600000;-40.536239624023438;
2497800000;-40.793201446533203;
2498000000;-41.109161376953125;
2498200000;-41.112411499023438;
2498400000;-41.248828887939453;
2498600000;-41.287082672119141;
2498800000;-41.548126220703125;
2499000000;-41.662712097167969;
2499200000;-42.686630249023438;
2499400000;-43.045433044433594;
2499600000;-42.883255004882812;
2499800000;-43.373737335205078;
2500000000;-43.471317291259766;
