Frequency [Hz]; Power [dBm]
2400000000;-42.430587768554688;
2400200000;-41.271255493164063;
2400400000;-41.007080078125;
2400600000;-40.406974792480469;
2400800000;-40.387439727783203;
2401000000;-40.179832458496094;
2401200000;-39.861595153808594;
2401400000;-39.605716705322266;
2401600000;-39.678394317626953;
2401800000;-39.894706726074219;
2402000000;-39.568965911865234;
2402200000;-39.596878051757813;
2402400000;-40.031959533691406;
2402600000;-40.313941955566406;
2402800000;-40.589111328125;
2403000000;-40.90875244140625;
2403200000;-41.458415985107422;
2403400000;-41.858116149902344;
2403600000;-42.281700134277344;
2403800000;-42.653053283691406;
2404000000;-43.011543273925781;
2404200000;-43.125419616699219;
2404400000;-43.257926940917969;
2404600000;-43.473495483398437;
2404800000;-43.27239990234375;
2405000000;-43.633934020996094;
2405200000;-43.707530975341797;
2405400000;-43.6328125;
2405600000;-43.863044738769531;
2405800000;-44.229629516601563;
2406000000;-43.87646484375;
2406200000;-44.024524688720703;
2406400000;-44.534423828125;
2406600000;-43.709632873535156;
2406800000;-44.412521362304687;
2407000000;-44.252544403076172;
2407200000;-44.297073364257813;
2407400000;-43.619537353515625;
2407600000;-43.942680358886719;
2407800000;-44.208122253417969;
2408000000;-44.057758331298828;
2408200000;-43.439247131347656;
2408400000;-43.591560363769531;
2408600000;-43.300029754638672;
2408800000;-43.51373291015625;
2409000000;-43.117294311523438;
2409200000;-43.417041778564453;
2409400000;-43.432731628417969;
2409600000;-43.610263824462891;
2409800000;-44.669296264648437;
2410000000;-43.53204345703125;
2410200000;-43.835681915283203;
2410400000;-44.199016571044922;
2410600000;-43.972976684570312;
2410800000;-44.067878723144531;
2411000000;-43.932796478271484;
2411200000;-43.341278076171875;
2411400000;-43.351348876953125;
2411600000;-43.679782867431641;
2411800000;-43.393585205078125;
2412000000;-43.329700469970703;
2412200000;-42.234325408935547;
2412400000;-43.005439758300781;
2412600000;-43.162059783935547;
2412800000;-42.649848937988281;
2413000000;-41.726375579833984;
2413200000;-41.791587829589844;
2413400000;-41.726272583007812;
2413600000;-41.891181945800781;
2413800000;-41.194492340087891;
2414000000;-41.767044067382813;
2414200000;-41.356231689453125;
2414400000;-41.082069396972656;
2414600000;-40.969703674316406;
2414800000;-40.991508483886719;
2415000000;-41.568843841552734;
2415200000;-40.944980621337891;
2415400000;-41.73779296875;
2415600000;-41.571285247802734;
2415800000;-41.271865844726563;
2416000000;-41.188743591308594;
2416200000;-41.642208099365234;
2416400000;-41.648838043212891;
2416600000;-41.652565002441406;
2416800000;-42.272972106933594;
2417000000;-41.572910308837891;
2417200000;-42.615886688232422;
2417400000;-41.948108673095703;
2417600000;-41.771293640136719;
2417800000;-41.969284057617188;
2418000000;-41.97698974609375;
2418200000;-43.155548095703125;
2418400000;-42.6483154296875;
2418600000;-42.447219848632813;
2418800000;-42.9564208984375;
2419000000;-42.444984436035156;
2419200000;-43.257453918457031;
2419400000;-43.215038299560547;
2419600000;-43.871353149414063;
2419800000;-43.308807373046875;
2420000000;-44.120033264160156;
2420200000;-45.077976226806641;
2420400000;-45.346698760986328;
2420600000;-46.689300537109375;
2420800000;-47.331520080566406;
2421000000;-48.755729675292969;
2421200000;-48.398639678955078;
2421400000;-48.949016571044922;
2421600000;-49.458976745605469;
2421800000;-49.14166259765625;
2422000000;-49.309791564941406;
2422200000;-49.614753723144531;
2422400000;-48.304279327392578;
2422600000;-49.252464294433594;
2422800000;-49.399810791015625;
2423000000;-49.106769561767578;
2423200000;-50.757591247558594;
2423400000;-50.053230285644531;
2423600000;-51.311065673828125;
2423800000;-50.628238677978516;
2424000000;-52.198505401611328;
2424200000;-52.927700042724609;
2424400000;-52.825984954833984;
2424600000;-51.044479370117187;
2424800000;-51.886760711669922;
2425000000;-49.59954833984375;
2425200000;-50.433517456054688;
2425400000;-50.708213806152344;
2425600000;-50.536590576171875;
2425800000;-51.7015380859375;
2426000000;-50.418441772460938;
2426200000;-51.9000244140625;
2426400000;-49.618076324462891;
2426600000;-50.833023071289063;
2426800000;-51.865882873535156;
2427000000;-53.660224914550781;
2427200000;-53.13153076171875;
2427400000;-52.621536254882813;
2427600000;-55.064346313476563;
2427800000;-53.864662170410156;
2428000000;-52.834968566894531;
2428200000;-52.236183166503906;
2428400000;-52.925472259521484;
2428600000;-50.997623443603516;
2428800000;-52.742965698242187;
2429000000;-49.508213043212891;
2429200000;-48.337142944335938;
2429400000;-48.341411590576172;
2429600000;-49.425209045410156;
2429800000;-48.278553009033203;
2430000000;-46.530128479003906;
2430200000;-48.068550109863281;
2430400000;-46.921051025390625;
2430600000;-47.877170562744141;
2430800000;-48.220195770263672;
2431000000;-47.558322906494141;
2431200000;-48.555011749267578;
2431400000;-47.026153564453125;
2431600000;-47.786056518554687;
2431800000;-49.325794219970703;
2432000000;-49.941230773925781;
2432200000;-50.649311065673828;
2432400000;-49.437088012695313;
2432600000;-50.476516723632813;
2432800000;-53.085739135742187;
2433000000;-52.789894104003906;
2433200000;-52.44573974609375;
2433400000;-54.706581115722656;
2433600000;-54.257072448730469;
2433800000;-52.937721252441406;
2434000000;-50.116424560546875;
2434200000;-48.759605407714844;
2434400000;-48.739025115966797;
2434600000;-46.148193359375;
2434800000;-45.694622039794922;
2435000000;-45.176658630371094;
2435200000;-45.582000732421875;
2435400000;-45.539447784423828;
2435600000;-44.579147338867188;
2435800000;-44.666309356689453;
2436000000;-45.054950714111328;
2436200000;-45.004852294921875;
2436400000;-45.61419677734375;
2436600000;-46.376197814941406;
2436800000;-46.111835479736328;
2437000000;-45.959083557128906;
2437200000;-46.571365356445313;
2437400000;-46.486732482910156;
2437600000;-48.191123962402344;
2437800000;-47.383426666259766;
2438000000;-47.42718505859375;
2438200000;-47.720039367675781;
2438400000;-45.35821533203125;
2438600000;-45.780517578125;
2438800000;-45.162097930908203;
2439000000;-44.024852752685547;
2439200000;-45.139640808105469;
2439400000;-44.328891754150391;
2439600000;-45.211635589599609;
2439800000;-44.994270324707031;
2440000000;-45.695426940917969;
2440200000;-46.308200836181641;
2440400000;-47.253433227539063;
2440600000;-46.972808837890625;
2440800000;-48.058731079101563;
2441000000;-48.384883880615234;
2441200000;-50.266555786132812;
2441400000;-48.368846893310547;
2441600000;-49.810916900634766;
2441800000;-48.071620941162109;
2442000000;-46.986408233642578;
2442200000;-46.599689483642578;
2442400000;-45.211967468261719;
2442600000;-45.852157592773438;
2442800000;-44.796321868896484;
2443000000;-44.00738525390625;
2443200000;-43.794578552246094;
2443400000;-43.428398132324219;
2443600000;-43.300605773925781;
2443800000;-43.502769470214844;
2444000000;-44.063835144042969;
2444200000;-43.441436767578125;
2444400000;-43.469688415527344;
2444600000;-42.566009521484375;
2444800000;-43.047340393066406;
2445000000;-42.558826446533203;
2445200000;-42.497726440429688;
2445400000;-41.607948303222656;
2445600000;-42.188468933105469;
2445800000;-41.878650665283203;
2446000000;-41.099609375;
2446200000;-40.85650634765625;
2446400000;-41.382205963134766;
2446600000;-41.019790649414063;
2446800000;-41.081073760986328;
2447000000;-40.295761108398437;
2447200000;-41.217548370361328;
2447400000;-40.93450927734375;
2447600000;-41.019748687744141;
2447800000;-42.079147338867188;
2448000000;-42.0924072265625;
2448200000;-42.455718994140625;
2448400000;-42.740081787109375;
2448600000;-42.547111511230469;
2448800000;-42.654159545898438;
2449000000;-43.312515258789063;
2449200000;-42.766853332519531;
2449400000;-42.815834045410156;
2449600000;-44.117889404296875;
2449800000;-44.172515869140625;
2450000000;-43.9959716796875;
2450200000;-44.519805908203125;
2450400000;-45.229221343994141;
2450600000;-45.548316955566406;
2450800000;-44.767127990722656;
2451000000;-43.359237670898437;
2451200000;-44.084896087646484;
2451400000;-43.452373504638672;
2451600000;-42.269927978515625;
2451800000;-41.690956115722656;
2452000000;-40.987068176269531;
2452200000;-41.051578521728516;
2452400000;-40.257099151611328;
2452600000;-39.223869323730469;
2452800000;-40.356307983398437;
2453000000;-39.861293792724609;
2453200000;-39.777763366699219;
2453400000;-40.002227783203125;
2453600000;-39.333209991455078;
2453800000;-39.202621459960938;
2454000000;-38.984092712402344;
2454200000;-39.286758422851562;
2454400000;-38.759227752685547;
2454600000;-39.316864013671875;
2454800000;-39.038127899169922;
2455000000;-38.925674438476563;
2455200000;-38.612098693847656;
2455400000;-39.500091552734375;
2455600000;-38.917762756347656;
2455800000;-38.822711944580078;
2456000000;-38.643196105957031;
2456200000;-39.332302093505859;
2456400000;-39.071998596191406;
2456600000;-39.543472290039063;
2456800000;-39.593795776367188;
2457000000;-39.506912231445313;
2457200000;-39.774383544921875;
2457400000;-39.853645324707031;
2457600000;-40.039962768554688;
2457800000;-39.979095458984375;
2458000000;-40.570766448974609;
2458200000;-40.009944915771484;
2458400000;-40.624130249023438;
2458600000;-40.394336700439453;
2458800000;-40.929916381835938;
2459000000;-40.477939605712891;
2459200000;-39.883319854736328;
2459400000;-40.419120788574219;
2459600000;-39.352195739746094;
2459800000;-39.476184844970703;
2460000000;-38.751213073730469;
2460200000;-38.834022521972656;
2460400000;-38.541954040527344;
2460600000;-38.832084655761719;
2460800000;-38.871383666992188;
2461000000;-38.846702575683594;
2461200000;-38.819240570068359;
2461400000;-38.74951171875;
2461600000;-38.70367431640625;
2461800000;-38.538063049316406;
2462000000;-39.621410369873047;
2462200000;-38.897163391113281;
2462400000;-39.573333740234375;
2462600000;-38.65191650390625;
2462800000;-38.572311401367188;
2463000000;-41.069820404052734;
2463200000;-38.313034057617188;
2463400000;-37.212490081787109;
2463600000;-38.596523284912109;
2463800000;-38.707565307617188;
2464000000;-38.715801239013672;
2464200000;-38.981109619140625;
2464400000;-38.382511138916016;
2464600000;-38.594512939453125;
2464800000;-39.009605407714844;
2465000000;-39.398216247558594;
2465200000;-39.112861633300781;
2465400000;-39.8035888671875;
2465600000;-39.949409484863281;
2465800000;-40.520366668701172;
2466000000;-41.308631896972656;
2466200000;-40.85595703125;
2466400000;-41.014980316162109;
2466600000;-41.025039672851563;
2466800000;-41.570602416992188;
2467000000;-41.67889404296875;
2467200000;-41.572792053222656;
2467400000;-41.209724426269531;
2467600000;-41.517772674560547;
2467800000;-40.831130981445313;
2468000000;-41.690864562988281;
2468200000;-41.281196594238281;
2468400000;-41.098163604736328;
2468600000;-42.11102294921875;
2468800000;-41.011985778808594;
2469000000;-40.552986145019531;
2469200000;-40.697887420654297;
2469400000;-40.341163635253906;
2469600000;-40.3497314453125;
2469800000;-39.883560180664063;
2470000000;-40.203842163085938;
2470200000;-40.308845520019531;
2470400000;-40.04095458984375;
2470600000;-40.187538146972656;
2470800000;-39.335742950439453;
2471000000;-39.686531066894531;
2471200000;-39.784950256347656;
2471400000;-39.917415618896484;
2471600000;-40.267158508300781;
2471800000;-40.587158203125;
2472000000;-41.044574737548828;
2472200000;-41.486717224121094;
2472400000;-41.683948516845703;
2472600000;-42.102916717529297;
2472800000;-41.225433349609375;
2473000000;-41.9661865234375;
2473200000;-41.523063659667969;
2473400000;-42.074287414550781;
2473600000;-41.088241577148438;
2473800000;-40.856746673583984;
2474000000;-41.372413635253906;
2474200000;-41.888710021972656;
2474400000;-41.792739868164062;
2474600000;-42.364959716796875;
2474800000;-42.926620483398438;
2475000000;-42.931743621826172;
2475200000;-43.135459899902344;
2475400000;-43.755924224853516;
2475600000;-43.815872192382813;
2475800000;-43.768333435058594;
2476000000;-43.224143981933594;
2476200000;-42.586723327636719;
2476400000;-42.513298034667969;
2476600000;-41.843048095703125;
2476800000;-42.159858703613281;
2477000000;-41.17120361328125;
2477200000;-41.187057495117187;
2477400000;-40.838268280029297;
2477600000;-40.490074157714844;
2477800000;-40.297515869140625;
2478000000;-40.349929809570313;
2478200000;-40.357276916503906;
2478400000;-40.739761352539063;
2478600000;-40.468166351318359;
2478800000;-40.668693542480469;
2479000000;-41.126136779785156;
2479200000;-41.809246063232422;
2479400000;-42.207679748535156;
2479600000;-42.071697235107422;
2479800000;-42.122688293457031;
2480000000;-42.896724700927734;
2480200000;-42.381950378417969;
2480400000;-42.742931365966797;
2480600000;-43.07958984375;
2480800000;-42.640804290771484;
2481000000;-42.693679809570313;
2481200000;-42.451526641845703;
2481400000;-42.228034973144531;
2481600000;-42.195011138916016;
2481800000;-41.713367462158203;
2482000000;-41.60504150390625;
2482200000;-41.729240417480469;
2482400000;-41.521869659423828;
2482600000;-41.591766357421875;
2482800000;-42.313308715820312;
2483000000;-42.379848480224609;
2483200000;-41.972236633300781;
2483400000;-42.674301147460938;
2483600000;-42.260730743408203;
2483800000;-42.120769500732422;
2484000000;-41.725273132324219;
2484200000;-41.076408386230469;
2484400000;-41.280021667480469;
2484600000;-40.718208312988281;
2484800000;-40.690193176269531;
2485000000;-40.085929870605469;
2485200000;-39.857772827148437;
2485400000;-39.732460021972656;
2485600000;-39.797126770019531;
2485800000;-39.289382934570312;
2486000000;-39.668319702148438;
2486200000;-39.453292846679688;
2486400000;-39.380512237548828;
2486600000;-39.133209228515625;
2486800000;-38.877048492431641;
2487000000;-39.387199401855469;
2487200000;-39.276340484619141;
2487400000;-39.491252899169922;
2487600000;-39.599113464355469;
2487800000;-39.544525146484375;
2488000000;-39.812545776367188;
2488200000;-40.0684814453125;
2488400000;-40.032073974609375;
2488600000;-40.0704345703125;
2488800000;-40.760757446289062;
2489000000;-41.046169281005859;
2489200000;-41.259555816650391;
2489400000;-40.791515350341797;
2489600000;-41.554115295410156;
2489800000;-41.245193481445313;
2490000000;-41.759445190429687;
2490200000;-41.493911743164062;
2490400000;-41.771381378173828;
2490600000;-41.437747955322266;
2490800000;-41.322700500488281;
2491000000;-40.868789672851563;
2491200000;-40.703384399414063;
2491400000;-40.1578369140625;
2491600000;-39.571365356445313;
2491800000;-39.777824401855469;
2492000000;-39.533485412597656;
2492200000;-39.2581787109375;
2492400000;-39.140491485595703;
2492600000;-38.909492492675781;
2492800000;-38.922348022460938;
2493000000;-38.630233764648438;
2493200000;-38.369384765625;
2493400000;-38.498123168945313;
2493600000;-38.760780334472656;
2493800000;-38.344017028808594;
2494000000;-38.769050598144531;
2494200000;-38.8465576171875;
2494400000;-38.953811645507813;
2494600000;-38.839061737060547;
2494800000;-39.034507751464844;
2495000000;-38.862907409667969;
2495200000;-38.954063415527344;
2495400000;-39.485870361328125;
2495600000;-39.49273681640625;
2495800000;-39.991477966308594;
2496000000;-40.215835571289063;
2496200000;-40.564105987548828;
2496400000;-40.494331359863281;
2496600000;-40.989479064941406;
2496800000;-41.612312316894531;
2497000000;-41.864639282226562;
2497200000;-42.552879333496094;
2497400000;-42.395511627197266;
2497600000;-42.396926879882813;
2497800000;-43.09820556640625;
2498000000;-43.182952880859375;
2498200000;-42.933815002441406;
2498400000;-42.716358184814453;
2498600000;-42.792762756347656;
2498800000;-42.696048736572266;
2499000000;-42.849258422851562;
2499200000;-42.446121215820313;
2499400000;-41.961238861083984;
2499600000;-42.207427978515625;
2499800000;-41.741203308105469;
2500000000;-42.053665161132812;
