Frequency [Hz]; Power [dBm];
2400000000;-48.974235534667969;
2400200000;-48.154670715332031;
2400400000;-47.072250366210938;
2400600000;-47.237861633300781;
2400800000;-48.114238739013672;
2401000000;-48.721321105957031;
2401200000;-47.737686157226563;
2401400000;-47.512657165527344;
2401600000;-47.774543762207031;
2401800000;-47.726295471191406;
2402000000;-47.640121459960938;
2402200000;-46.925338745117188;
2402400000;-46.475746154785156;
2402600000;-46.036544799804688;
2402800000;-46.204540252685547;
2403000000;-45.156036376953125;
2403200000;-44.341007232666016;
2403400000;-44.538909912109375;
2403600000;-44.626487731933594;
2403800000;-44.758720397949219;
2404000000;-43.65911865234375;
2404200000;-43.466651916503906;
2404400000;-43.844100952148438;
2404600000;-43.091079711914063;
2404800000;-43.230968475341797;
2405000000;-43.741470336914062;
2405200000;-43.544818878173828;
2405400000;-43.157142639160156;
2405600000;-42.838973999023438;
2405800000;-43.381690979003906;
2406000000;-43.624481201171875;
2406200000;-43.131855010986328;
2406400000;-44.023078918457031;
2406600000;-43.193489074707031;
2406800000;-44.014999389648438;
2407000000;-44.696086883544922;
2407200000;-44.039947509765625;
2407400000;-43.658935546875;
2407600000;-42.898391723632813;
2407800000;-43.245887756347656;
2408000000;-42.948616027832031;
2408200000;-43.375881195068359;
2408400000;-42.382381439208984;
2408600000;-42.591835021972656;
2408800000;-41.977333068847656;
2409000000;-42.282028198242187;
2409200000;-41.943473815917969;
2409400000;-41.995391845703125;
2409600000;-41.039688110351563;
2409800000;-41.120697021484375;
2410000000;-40.757881164550781;
2410200000;-40.710834503173828;
2410400000;-40.423755645751953;
2410600000;-39.983268737792969;
2410800000;-40.332672119140625;
2411000000;-40.238800048828125;
2411200000;-40.2266845703125;
2411400000;-40.419921875;
2411600000;-40.144527435302734;
2411800000;-39.830341339111328;
2412000000;-39.401271820068359;
2412200000;-39.163307189941406;
2412400000;-39.332717895507813;
2412600000;-39.243453979492188;
2412800000;-39.395858764648437;
2413000000;-39.554599761962891;
2413200000;-39.411048889160156;
2413400000;-39.73797607421875;
2413600000;-39.585536956787109;
2413800000;-39.335029602050781;
2414000000;-40.156166076660156;
2414200000;-40.17437744140625;
2414400000;-40.67791748046875;
2414600000;-40.742935180664062;
2414800000;-40.883506774902344;
2415000000;-41.336723327636719;
2415200000;-41.730533599853516;
2415400000;-40.901664733886719;
2415600000;-42.062904357910156;
2415800000;-41.879348754882813;
2416000000;-40.876106262207031;
2416200000;-40.927337646484375;
2416400000;-40.993743896484375;
2416600000;-40.496597290039062;
2416800000;-40.452430725097656;
2417000000;-39.899890899658203;
2417200000;-39.666160583496094;
2417400000;-39.830089569091797;
2417600000;-39.839164733886719;
2417800000;-40.022819519042969;
2418000000;-39.713211059570313;
2418200000;-39.476661682128906;
2418400000;-39.600051879882813;
2418600000;-39.786422729492188;
2418800000;-39.604049682617187;
2419000000;-39.485466003417969;
2419200000;-39.750823974609375;
2419400000;-40.367336273193359;
2419600000;-40.053890228271484;
2419800000;-40.442962646484375;
2420000000;-39.828376770019531;
2420200000;-40.119789123535156;
2420400000;-40.226253509521484;
2420600000;-40.048423767089844;
2420800000;-39.875686645507813;
2421000000;-39.77801513671875;
2421200000;-39.503395080566406;
2421400000;-39.578178405761719;
2421600000;-39.073356628417969;
2421800000;-38.999397277832031;
2422000000;-39.455093383789063;
2422200000;-39.356590270996094;
2422400000;-39.607578277587891;
2422600000;-40.294563293457031;
2422800000;-40.688545227050781;
2423000000;-40.912689208984375;
2423200000;-40.8896484375;
2423400000;-40.909084320068359;
2423600000;-41.196281433105469;
2423800000;-41.689792633056641;
2424000000;-41.335395812988281;
2424200000;-41.440116882324219;
2424400000;-41.514656066894531;
2424600000;-40.932285308837891;
2424800000;-40.727317810058594;
2425000000;-40.73016357421875;
2425200000;-40.079746246337891;
2425400000;-39.689945220947266;
2425600000;-40.033576965332031;
2425800000;-39.974220275878906;
2426000000;-39.632225036621094;
2426200000;-39.55548095703125;
2426400000;-39.136215209960938;
2426600000;-38.895557403564453;
2426800000;-39.079277038574219;
2427000000;-39.22509765625;
2427200000;-39.122623443603516;
2427400000;-38.958236694335938;
2427600000;-38.783847808837891;
2427800000;-38.798065185546875;
2428000000;-38.719009399414063;
2428200000;-38.985610961914063;
2428400000;-38.750629425048828;
2428600000;-38.869327545166016;
2428800000;-39.161384582519531;
2429000000;-38.833621978759766;
2429200000;-38.86834716796875;
2429400000;-39.141876220703125;
2429600000;-39.501625061035156;
2429800000;-39.429523468017578;
2430000000;-39.527809143066406;
2430200000;-40.666603088378906;
2430400000;-40.054428100585937;
2430600000;-41.176429748535156;
2430800000;-41.071949005126953;
2431000000;-41.295188903808594;
2431200000;-41.835655212402344;
2431400000;-42.003429412841797;
2431600000;-43.118736267089844;
2431800000;-43.727268218994141;
2432000000;-43.269584655761719;
2432200000;-43.766178131103516;
2432400000;-45.0435791015625;
2432600000;-45.140480041503906;
2432800000;-44.900665283203125;
2433000000;-44.97412109375;
2433200000;-45.759391784667969;
2433400000;-45.016860961914063;
2433600000;-44.944198608398437;
2433800000;-44.947746276855469;
2434000000;-43.013454437255859;
2434200000;-42.787891387939453;
2434400000;-42.900272369384766;
2434600000;-41.939586639404297;
2434800000;-42.605350494384766;
2435000000;-42.350013732910156;
2435200000;-42.702590942382813;
2435400000;-42.499290466308594;
2435600000;-42.777786254882812;
2435800000;-42.490589141845703;
2436000000;-43.650798797607422;
2436200000;-43.404541015625;
2436400000;-44.406562805175781;
2436600000;-44.087989807128906;
2436800000;-43.879154205322266;
2437000000;-44.986610412597656;
2437200000;-45.918800354003906;
2437400000;-46.073158264160156;
2437600000;-46.321479797363281;
2437800000;-47.687946319580078;
2438000000;-47.459419250488281;
2438200000;-46.556724548339844;
2438400000;-48.503860473632813;
2438600000;-49.303367614746094;
2438800000;-50.977207183837891;
2439000000;-50.985149383544922;
2439200000;-50.310691833496094;
2439400000;-53.452945709228516;
2439600000;-51.932781219482422;
2439800000;-58.243064880371094;
2440000000;-59.214935302734375;
2440200000;-66.022613525390625;
2440400000;-59.242088317871094;
2440600000;-58.442787170410156;
2440800000;-52.533523559570313;
2441000000;-51.570293426513672;
2441200000;-47.78411865234375;
2441400000;-49.135074615478516;
2441600000;-46.171085357666016;
2441800000;-44.549503326416016;
2442000000;-45.506305694580078;
2442200000;-44.682376861572266;
2442400000;-44.010696411132812;
2442600000;-43.32745361328125;
2442800000;-43.243190765380859;
2443000000;-42.380157470703125;
2443200000;-42.569999694824219;
2443400000;-43.149322509765625;
2443600000;-42.464447021484375;
2443800000;-42.855010986328125;
2444000000;-43.428810119628906;
2444200000;-43.498542785644531;
2444400000;-43.096611022949219;
2444600000;-42.511093139648438;
2444800000;-42.729400634765625;
2445000000;-42.823715209960938;
2445200000;-42.363590240478516;
2445400000;-41.698272705078125;
2445600000;-42.512687683105469;
2445800000;-42.5609130859375;
2446000000;-42.802764892578125;
2446200000;-43.005836486816406;
2446400000;-43.157142639160156;
2446600000;-43.059860229492188;
2446800000;-42.535892486572266;
2447000000;-43.265556335449219;
2447200000;-43.628639221191406;
2447400000;-43.08551025390625;
2447600000;-43.373882293701172;
2447800000;-43.664394378662109;
2448000000;-42.995559692382813;
2448200000;-43.392425537109375;
2448400000;-42.617973327636719;
2448600000;-42.400100708007813;
2448800000;-41.854446411132812;
2449000000;-41.668632507324219;
2449200000;-41.380775451660156;
2449400000;-41.227127075195313;
2449600000;-40.887222290039062;
2449800000;-40.104530334472656;
2450000000;-39.387474060058594;
2450200000;-39.005821228027344;
2450400000;-38.803623199462891;
2450600000;-38.353988647460938;
2450800000;-38.215309143066406;
2451000000;-37.906150817871094;
2451200000;-37.794506072998047;
2451400000;-37.073093414306641;
2451600000;-36.468338012695313;
2451800000;-37.399635314941406;
2452000000;-36.59796142578125;
2452200000;-37.457294464111328;
2452400000;-36.881240844726563;
2452600000;-37.017539978027344;
2452800000;-35.747314453125;
2453000000;-36.868183135986328;
2453200000;-37.525741577148438;
2453400000;-36.65667724609375;
2453600000;-38.636417388916016;
2453800000;-38.537513732910156;
2454000000;-38.569492340087891;
2454200000;-38.628280639648438;
2454400000;-39.329292297363281;
2454600000;-38.657295227050781;
2454800000;-38.772773742675781;
2455000000;-39.149032592773438;
2455200000;-39.42156982421875;
2455400000;-39.289543151855469;
2455600000;-39.885284423828125;
2455800000;-39.972240447998047;
2456000000;-40.017826080322266;
2456200000;-40.264328002929687;
2456400000;-40.244194030761719;
2456600000;-40.19873046875;
2456800000;-40.642227172851562;
2457000000;-40.860321044921875;
2457200000;-40.878578186035156;
2457400000;-40.857650756835937;
2457600000;-40.652153015136719;
2457800000;-40.497016906738281;
2458000000;-40.487747192382813;
2458200000;-39.712043762207031;
2458400000;-39.742897033691406;
2458600000;-40.128955841064453;
2458800000;-39.330902099609375;
2459000000;-38.915779113769531;
2459200000;-38.428855895996094;
2459400000;-38.327445983886719;
2459600000;-38.193397521972656;
2459800000;-37.710800170898438;
2460000000;-37.529380798339844;
2460200000;-37.258956909179688;
2460400000;-37.175559997558594;
2460600000;-36.664100646972656;
2460800000;-36.964920043945313;
2461000000;-38.654655456542969;
2461200000;-38.027790069580078;
2461400000;-37.549270629882812;
2461600000;-36.698539733886719;
2461800000;-37.506622314453125;
2462000000;-37.865097045898438;
2462200000;-39.89093017578125;
2462400000;-37.904693603515625;
2462600000;-38.189865112304688;
2462800000;-38.023628234863281;
2463000000;-37.992111206054687;
2463200000;-37.92962646484375;
2463400000;-38.111763000488281;
2463600000;-38.053642272949219;
2463800000;-37.833389282226563;
2464000000;-38.309444427490234;
2464200000;-38.560981750488281;
2464400000;-38.677116394042969;
2464600000;-38.621009826660156;
2464800000;-38.80645751953125;
2465000000;-39.003448486328125;
2465200000;-39.301918029785156;
2465400000;-39.508659362792969;
2465600000;-39.343822479248047;
2465800000;-39.079257965087891;
2466000000;-38.75653076171875;
2466200000;-38.860816955566406;
2466400000;-38.902591705322266;
2466600000;-38.7393798828125;
2466800000;-38.310115814208984;
2467000000;-38.025802612304688;
2467200000;-38.12860107421875;
2467400000;-37.728233337402344;
2467600000;-37.559925079345703;
2467800000;-37.491226196289063;
2468000000;-37.114940643310547;
2468200000;-37.009220123291016;
2468400000;-36.650177001953125;
2468600000;-36.874683380126953;
2468800000;-36.029788970947266;
2469000000;-36.2086181640625;
2469200000;-36.076271057128906;
2469400000;-35.972877502441406;
2469600000;-36.06689453125;
2469800000;-35.845771789550781;
2470000000;-35.992889404296875;
2470200000;-36.142478942871094;
2470400000;-35.848220825195313;
2470600000;-36.204147338867188;
2470800000;-36.457160949707031;
2471000000;-36.148727416992188;
2471200000;-35.993606567382813;
2471400000;-35.188266754150391;
2471600000;-37.830898284912109;
2471800000;-36.708389282226563;
2472000000;-37.434535980224609;
2472200000;-37.503532409667969;
2472400000;-38.067203521728516;
2472600000;-38.644702911376953;
2472800000;-38.547718048095703;
2473000000;-38.540504455566406;
2473200000;-38.582740783691406;
2473400000;-38.528778076171875;
2473600000;-38.560253143310547;
2473800000;-38.552623748779297;
2474000000;-38.646980285644531;
2474200000;-38.426681518554688;
2474400000;-38.263824462890625;
2474600000;-38.175037384033203;
2474800000;-37.930042266845703;
2475000000;-38.196575164794922;
2475200000;-37.615093231201172;
2475400000;-37.437904357910156;
2475600000;-36.985870361328125;
2475800000;-37.045360565185547;
2476000000;-36.75421142578125;
2476200000;-36.761634826660156;
2476400000;-36.586677551269531;
2476600000;-36.308792114257813;
2476800000;-36.075584411621094;
2477000000;-36.014411926269531;
2477200000;-35.829261779785156;
2477400000;-35.636604309082031;
2477600000;-35.416259765625;
2477800000;-35.507698059082031;
2478000000;-35.334308624267578;
2478200000;-35.265830993652344;
2478400000;-35.579113006591797;
2478600000;-35.357139587402344;
2478800000;-35.833763122558594;
2479000000;-35.956214904785156;
2479200000;-36.155788421630859;
2479400000;-36.65142822265625;
2479600000;-37.053169250488281;
2479800000;-37.20294189453125;
2480000000;-37.219985961914063;
2480200000;-37.51171875;
2480400000;-37.599582672119141;
2480600000;-37.410335540771484;
2480800000;-37.12493896484375;
2481000000;-37.579002380371094;
2481200000;-37.905975341796875;
2481400000;-37.879852294921875;
2481600000;-37.974822998046875;
2481800000;-38.209983825683594;
2482000000;-38.335197448730469;
2482200000;-37.995048522949219;
2482400000;-38.386058807373047;
2482600000;-38.960281372070313;
2482800000;-39.031196594238281;
2483000000;-39.288204193115234;
2483200000;-39.094337463378906;
2483400000;-39.0760498046875;
2483600000;-38.740287780761719;
2483800000;-38.455116271972656;
2484000000;-38.178482055664063;
2484200000;-38.214351654052734;
2484400000;-37.67431640625;
2484600000;-37.458084106445313;
2484800000;-37.069381713867188;
2485000000;-36.473655700683594;
2485200000;-36.674140930175781;
2485400000;-36.375900268554688;
2485600000;-36.167015075683594;
2485800000;-35.7530517578125;
2486000000;-36.05426025390625;
2486200000;-35.547012329101563;
2486400000;-35.65667724609375;
2486600000;-35.2833251953125;
2486800000;-35.134986877441406;
2487000000;-34.991508483886719;
2487200000;-35.073158264160156;
2487400000;-34.876907348632813;
2487600000;-35.104248046875;
2487800000;-35.42498779296875;
2488000000;-35.169548034667969;
2488200000;-35.510276794433594;
2488400000;-35.791946411132812;
2488600000;-35.809440612792969;
2488800000;-36.127696990966797;
2489000000;-36.403171539306641;
2489200000;-36.959789276123047;
2489400000;-37.243083953857422;
2489600000;-37.457412719726563;
2489800000;-37.634246826171875;
2490000000;-38.420478820800781;
2490200000;-38.100914001464844;
2490400000;-38.246555328369141;
2490600000;-38.593334197998047;
2490800000;-38.492580413818359;
2491000000;-38.765296936035156;
2491200000;-38.667369842529297;
2491400000;-38.425277709960938;
2491600000;-38.280204772949219;
2491800000;-38.466751098632812;
2492000000;-37.946731567382813;
2492200000;-37.833518981933594;
2492400000;-37.452495574951172;
2492600000;-37.408950805664063;
2492800000;-37.473075866699219;
2493000000;-37.049247741699219;
2493200000;-37.124435424804688;
2493400000;-36.598049163818359;
2493600000;-36.355628967285156;
2493800000;-36.45367431640625;
2494000000;-36.275382995605469;
2494200000;-35.808326721191406;
2494400000;-35.814796447753906;
2494600000;-35.759506225585937;
2494800000;-35.442436218261719;
2495000000;-35.333816528320313;
2495200000;-35.437850952148438;
2495400000;-35.11358642578125;
2495600000;-35.449623107910156;
2495800000;-35.404487609863281;
2496000000;-35.368850708007813;
2496200000;-35.619960784912109;
2496400000;-35.946212768554688;
2496600000;-36.43695068359375;
2496800000;-36.576408386230469;
2497000000;-36.459503173828125;
2497200000;-36.8077392578125;
2497400000;-37.083316802978516;
2497600000;-37.219940185546875;
2497800000;-37.141571044921875;
2498000000;-37.422512054443359;
2498200000;-37.483146667480469;
2498400000;-37.214607238769531;
2498600000;-37.565155029296875;
2498800000;-37.385551452636719;
2499000000;-37.010189056396484;
2499200000;-36.959953308105469;
2499400000;-37.007312774658203;
2499600000;-37.101486206054688;
2499800000;-36.921134948730469;
2500000000;-37.0452880859375;
